0 0
0.071384 0
0.071384 1
0.084855 1
0.084855 2
0.085912 2
0.085912 3
0.085938 3
0.085938 4
0.086050 4
0.086050 5
0.087047 5
0.087047 6
0.091876 6
0.091876 7
0.109616 7
0.109616 8
0.378075 8
0.378075 9
0.684826 9
0.684826 10
0.757807 10
0.757807 11
0.903574 11
0.903574 12
1.206597 12
1.206597 13
1.493657 13
1.493657 14
1.616679 14
1.616679 15
1.893086 15
1.893086 16
2.951257 16
2.951257 17
4.093084 17
4.093084 18
4.638478 18
4.638478 19
5.161285 19
5.161285 20
5.842661 20
5.842661 21
5.871532 21
5.871532 22
6.222651 22
6.222651 23
6.385068 23
6.385068 24
8.298446 24
8.298446 25
9.227025 25
9.227025 26
9.410743 26
9.410743 27
10.592082 27
10.592082 28
11.227756 28
11.227756 29
14.318908 29
14.318908 30
15.019767 30
15.019767 31
18.482153 31
18.482153 32
18.880745 32
18.880745 33
19.105272 33
19.105272 34
20.272804 34
20.272804 35
22.482504 35
22.482504 36
22.738468 36
22.738468 37
23.735804 37
23.735804 38
24.141340 38
24.141340 39
24.972948 39
24.972948 40
26.257362 40
26.257362 41
26.849253 41
26.849253 42
28.890100 42
28.890100 43
29.953001 43
29.953001 44
32.274887 44
32.274887 45
32.398441 45
32.398441 46
39.497173 46
39.497173 47
42.104542 47
42.104542 48
44.279591 48
44.279591 49
44.507362 49
44.507362 50
45.234707 50
45.234707 51
45.455597 51
45.455597 52
49.135620 52
49.135620 53
