0 0
0.036446 0
0.036446 1
0.041722 1
0.041722 2
0.046635 2
0.046635 3
0.046843 3
0.046843 4
0.046891 4
0.046891 5
0.047146 5
0.047146 6
0.059968 6
0.059968 7
0.064318 7
0.064318 8
0.144294 8
0.144294 9
0.303243 9
0.303243 10
0.418267 10
0.418267 11
0.629429 11
0.629429 12
0.648268 12
0.648268 13
0.920397 13
0.920397 14
1.181641 14
1.181641 15
1.356529 15
1.356529 16
1.739617 16
1.739617 17
2.710110 17
2.710110 18
3.454978 18
3.454978 19
3.892414 19
3.892414 20
4.045208 20
4.045208 21
4.099539 21
4.099539 22
4.995502 22
4.995502 23
5.011546 23
5.011546 24
5.660208 24
5.660208 25
5.700135 25
5.700135 26
6.204990 26
6.204990 27
7.126841 27
7.126841 28
7.394626 28
7.394626 29
8.956874 29
8.956874 30
8.993647 30
8.993647 31
9.453878 31
9.453878 32
12.642232 32
12.642232 33
13.755527 33
13.755527 34
14.243731 34
14.243731 35
15.826179 35
15.826179 36
16.226593 36
16.226593 37
19.105654 37
19.105654 38
19.342596 38
19.342596 39
19.616449 39
19.616449 40
19.969032 40
19.969032 41
20.255409 41
20.255409 42
22.136992 42
22.136992 43
22.747477 43
22.747477 44
23.821131 44
23.821131 45
25.099728 45
25.099728 46
26.225962 46
26.225962 47
27.926029 47
27.926029 48
30.454922 48
30.454922 49
31.256527 49
31.256527 50
32.446579 50
32.446579 51
34.481636 51
34.481636 52
34.900928 52
34.900928 53
35.001575 53
35.001575 54
35.454880 54
35.454880 55
37.780914 55
37.780914 56
39.682404 56
39.682404 57
43.280773 57
43.280773 58
44.885567 58
44.885567 59
46.467739 59
46.467739 60
52.944477 60
52.944477 61
