0 0
0.040261 0
0.040261 1
0.040304 1
0.040304 2
0.040340 2
0.040340 3
0.040420 3
0.040420 4
0.040436 4
0.040436 5
0.040470 5
0.040470 6
0.040521 6
0.040521 7
0.040532 7
0.040532 8
0.050245 8
0.050245 9
0.050330 9
0.050330 10
0.050416 10
0.050416 11
0.050473 11
0.050473 12
0.050674 12
0.050674 13
0.060328 13
0.060328 14
0.060525 14
0.060525 15
0.060809 15
0.060809 16
0.061384 16
0.061384 17
0.070686 17
0.070686 18
0.070715 18
0.070715 19
0.071053 19
0.071053 20
0.071380 20
0.071380 21
0.080394 21
0.080394 22
0.080573 22
0.080573 23
0.080663 23
0.080663 24
0.080665 24
0.080665 25
0.081274 25
0.081274 26
0.090489 26
0.090489 27
0.090740 27
0.090740 28
0.090982 28
0.090982 29
0.100586 29
0.100586 30
0.100990 30
0.100990 31
0.101026 31
0.101026 32
0.110720 32
0.110720 33
0.110950 33
0.110950 34
0.131500 34
0.131500 35
0.151196 35
0.151196 36
0.171228 36
0.171228 37
0.171507 37
0.171507 38
0.201525 38
0.201525 39
0.231454 39
0.231454 40
0.241610 40
0.241610 41
0.261850 41
0.261850 42
0.263244 42
0.263244 43
0.321815 43
0.321815 44
0.342517 44
0.342517 45
0.343817 45
0.343817 46
0.403224 46
0.403224 47
0.432574 47
0.432574 48
0.624783 48
0.624783 49
0.755031 49
0.755031 50
0.785926 50
0.785926 51
0.942841 51
0.942841 52
0.946460 52
0.946460 53
1.007267 53
1.007267 54
1.081849 54
1.081849 55
1.082579 55
1.082579 56
1.155471 56
1.155471 57
1.158110 57
1.158110 58
1.795936 58
1.795936 59
2.004090 59
2.004090 60
2.471842 60
2.471842 61
2.823630 61
2.823630 62
