0 0
0.020888 0
0.020888 1
0.030362 1
0.030362 2
0.030422 2
0.030422 3
0.030426 3
0.030426 4
0.030435 4
0.030435 5
0.030516 5
0.030516 6
0.030547 6
0.030547 7
0.030557 7
0.030557 8
0.030558 8
0.030558 9
0.030617 9
0.030617 10
0.030768 10
0.030768 11
0.031024 11
0.031024 12
0.040443 12
0.040443 13
0.050392 13
0.050392 14
0.050464 14
0.050464 15
0.050524 15
0.050524 16
0.050589 16
0.050589 17
0.050604 17
0.050604 18
0.050761 18
0.050761 19
0.050866 19
0.050866 20
0.050902 20
0.050902 21
0.060382 21
0.060382 22
0.060424 22
0.060424 23
0.060488 23
0.060488 24
0.060855 24
0.060855 25
0.070428 25
0.070428 26
0.071136 26
0.071136 27
0.080701 27
0.080701 28
0.090688 28
0.090688 29
0.090799 29
0.090799 30
0.091653 30
0.091653 31
0.100815 31
0.100815 32
0.100908 32
0.100908 33
0.101087 33
0.101087 34
0.110576 34
0.110576 35
0.141041 35
0.141041 36
0.150972 36
0.150972 37
0.171655 37
0.171655 38
0.211559 38
0.211559 39
0.242501 39
0.242501 40
0.302780 40
0.302780 41
0.324030 41
0.324030 42
0.363027 42
0.363027 43
0.372876 43
0.372876 44
0.405086 44
0.405086 45
0.424342 45
0.424342 46
0.476192 46
0.476192 47
0.544322 47
0.544322 48
0.564595 48
0.564595 49
0.772266 49
0.772266 50
1.015325 50
1.015325 51
1.160775 51
1.160775 52
1.188283 52
1.188283 53
1.361782 53
1.361782 54
1.368643 54
1.368643 55
1.463084 55
1.463084 56
1.743951 56
1.743951 57
1.977935 57
1.977935 58
2.097834 58
2.097834 59
2.240376 59
2.240376 60
2.488212 60
2.488212 61
2.676548 61
2.676548 62
