0 0
0.030737 0
0.030737 1
0.041732 1
0.041732 2
0.063970 2
0.063970 3
0.137504 3
0.137504 4
0.144192 4
0.144192 5
0.144467 5
0.144467 6
0.149298 6
0.149298 7
0.160630 7
0.160630 8
0.352746 8
0.352746 9
0.641870 9
0.641870 10
0.895653 10
0.895653 11
1.591621 11
1.591621 12
1.596888 12
1.596888 13
1.706625 13
1.706625 14
1.947101 14
1.947101 15
3.607919 15
3.607919 16
4.011602 16
4.011602 17
4.101089 17
4.101089 18
4.556871 18
4.556871 19
5.212286 19
5.212286 20
5.418135 20
5.418135 21
6.579633 21
6.579633 22
7.137439 22
7.137439 23
9.784106 23
9.784106 24
10.026008 24
10.026008 25
10.559112 25
10.559112 26
10.699203 26
10.699203 27
11.027252 27
11.027252 28
14.157663 28
14.157663 29
22.915791 29
22.915791 30
23.351105 30
23.351105 31
32.314617 31
32.314617 32
38.859673 32
38.859673 33
39.771725 33
39.771725 34
40.004902 34
40.004902 35
40.525837 35
40.525837 36
42.337387 36
42.337387 37
43.579906 37
43.579906 38
44.163242 38
44.163242 39
45.368961 39
45.368961 40
45.630501 40
45.630501 41
47.669762 41
47.669762 42
53.602516 42
53.602516 43
58.644554 43
58.644554 44
