0.019 0 0.0153631
0.020 0 0.0168149
0.020 0 0.781521
0.020 0 0.798321
0.022 0 0.962186
0.024 0 0.970552
0.025 0 1.05475
0.026 0 1.06326
0.027 0 1.71933
0.029 0 1.7194
0.029 0 2.24283
0.029 0 2.47764
0.031 0 2.48631
0.033 0 2.49515
0.035 0 2.49521
0.035 0 3.12312
0.037 0 3.84793
0.039 0 4.60793
0.040 0 4.63389
0.041 0 4.65986
0.042 0 4.68582
0.043 0 4.71179
0.044 0 4.73776
0.044 0 4.88252
0.044 0 5.30715
0.046 0 5.51899
0.046 0 5.56423
0.046 0 5.58256
0.047 0 5.80226
0.048 0 6.02313
0.048 0 6.04306
0.049 0 6.09306
0.050 0 6.31413
0.050 0 6.46503
0.050 0 6.65394
0.050 0 6.67568
0.052 0 6.69949
0.053 0 6.80732
0.054 0 6.83351
0.057 0 6.86246
0.059 0 6.89462
0.060 0 7.02016
0.061 0 7.05611
0.063 0 7.10276
0.063 0 7.1432
0.065 0 7.98978
0.066 0 8.05101
0.069 0 8.14365
0.075 0 8.20838
0.083 0 8.21035
0.086 0 9.08616
0.091 0 9.93588
0.093 0 10.5892
0.094 0 10.9094
0.094 0 11.1578
0.096 0 11.6672
0.096 0 11.713
0.104 0 11.9536
0.108 0 11.9641
0.113 0 11.9731
0.114 0 11.984
0.116 0 12.2248
0.117 0 12.236
0.119 0 12.2791
0.120 0 12.2903
0.124 0 12.3427
0.125 0 12.3542
0.126 0 12.4147
0.128 0 12.4387
0.131 0 12.4401
0.134 0 12.4544
0.135 0 13.1816
0.137 0 13.1942
0.142 0 13.2351
0.142 0 13.2448
0.144 0 13.7625
0.149 0 13.7755
0.153 0 13.7889
0.154 0 14.0458
0.154 0 14.0733
0.156 0 14.0871
0.160 0 14.0971
0.162 0 14.5673
0.170 0 14.5781
0.173 0 14.5796
0.174 0 14.603
0.176 0 14.6045
0.182 0 14.6147
0.182 0 14.629
0.183 0 15.0056
0.192 0 15.2079
0.193 0 15.2477
0.194 0 15.4085
0.196 0 15.6976
0.197 0 15.7123
0.198 0 15.7228
0.208 0 15.8157
0.212 0 15.8574
0.216 0 15.8811
0.216 0 15.9404
0.217 0 15.9552
0.218 0 16.3827
0.219 0 16.3935
0.221 0 16.5643
0.224 0 16.6685
0.240 0 16.9598
0.244 0 16.9782
0.244 0 17.4022
0.247 0 17.403
0.248 0 17.4498
0.248 0 17.5657
0.248 0 17.5851
0.251 0 17.6162
0.253 0 17.6455
0.255 0 17.7259
0.256 0 17.7267
0.257 0 18.0703
0.261 0 18.1068
0.261 0 18.1077
0.262 0 18.1356
0.262 0 18.1783
0.263 0 18.1791
0.266 0 18.1849
0.266 0 18.2362
0.268 0 18.2606
0.269 0 18.2615
0.269 0 18.2715
0.270 0 18.2767
0.271 0 18.2776
0.271 0 18.2784
0.272 0 18.4457
0.273 0 18.5285
0.274 0 18.74
0.275 0 18.7409
0.275 0 18.805
0.275 0 18.8192
0.276 0 18.8201
0.278 0 19.252
0.279 0 19.2539
0.279 0 19.7357
0.279 0 19.7511
0.280 0 19.8168
0.280 0 19.8176
0.283 0 19.8186
0.284 0 19.8197
0.285 0 19.8284
0.285 0 19.8352
0.286 0 19.8361
0.286 0 19.8528
0.288 0 19.8538
0.289 0 19.8607
0.290 0 19.8615
0.291 0 19.8749
0.292 0 19.8761
0.293 0 19.8771
0.294 0 19.878
0.296 0 19.8924
0.297 0 20.0801
0.298 0 20.0811
0.298 0 20.0819
0.301 0 20.0831
0.302 0 20.084
0.303 0 20.0943
0.304 0 20.0953
0.305 0 20.0961
0.307 0 20.114
0.307 0 20.1309
0.308 0 20.1368
0.308 0 20.1931
0.309 0 20.1941
0.309 0 20.195
0.309 0 20.1962
0.313 0 20.197
0.314 0 20.2082
0.314 0 20.2183
0.315 0 20.2193
0.317 0 20.9593
0.317 0 20.9603
0.318 0 20.9615
0.319 0 20.9731
0.319 0 20.9739
0.321 0 20.976
0.321 0 20.9802
0.322 0 21.0241
0.322 0 21.0347
0.324 0 21.0355
0.324 0 21.0365
0.325 0 21.0377
0.327 0 21.0387
0.329 0 21.0497
0.330 0 21.0537
0.331 0 21.0546
0.332 0 21.1514
0.332 0 21.1523
0.333 0 21.1534
0.335 0 21.2987
0.335 0 21.2998
0.335 0 21.3132
0.335 0 21.3249
0.336 0 21.3329
0.339 0 21.3338
0.339 0 21.3348
0.339 0 21.3352
0.340 0 21.3363
0.340 0 21.3484
0.341 0 21.3652
0.343 0 21.3662
0.345 0 21.3672
0.345 0 21.38
0.347 0 21.8318
0.347 0 21.8326
0.347 0 21.8336
0.350 0 21.8336
0.350 0 21.8346
0.350 0 21.8356
0.352 0 21.8399
0.352 0 21.8444
0.354 0 21.8458
0.354 0 21.8468
0.355 0 21.8719
0.355 0 21.8728
0.356 0 21.8738
0.357 0 21.9798
0.358 0 21.9808
0.359 0 22.7564
0.359 0 22.7652
0.361 0 22.812
0.362 0 22.813
0.362 0 22.8139
0.362 0 22.8149
0.363 0 23.5634
0.365 0 23.9059
0.365 0 23.9126
0.366 0 23.914
0.366 0 24.2086
0.367 0 24.2432
0.368 0 24.2441
0.368 0 24.2534
0.369 0 24.2778
0.369 0 24.2788
0.370 0 24.2788
0.370 0 24.4146
0.371 0 24.4299
0.372 0 24.4465
0.373 0 24.4478
0.373 0 24.4753
0.374 0 24.4762
0.375 0 24.4945
0.375 0 24.4966
0.375 0 24.4976
0.376 0 24.4986
0.377 0 24.6461
0.377 0 24.6508
0.378 0 25.254
0.378 0 25.2871
0.379 0 25.2881
0.380 0 25.295
0.380 0 25.4659
0.381 0 25.4716
0.381 0 25.4724
0.381 0 25.4736
0.382 0 25.4811
0.386 0 25.4821
0.386 0 25.4831
0.387 0 25.4852
0.387 0 25.4861
0.388 0 25.5634
0.389 0 25.5692
0.390 0 25.5704
0.391 0 25.5704
0.391 0 25.5716
0.394 0 25.5725
0.394 0 25.5735
0.395 0 25.6317
0.397 0 25.6522
0.397 0 25.6534
0.397 0 25.6547
0.398 0 25.6568
0.398 0 25.673
0.398 0 25.6888
0.399 0 25.6897
0.399 0 25.7701
0.401 0 25.7712
0.403 0 25.7759
0.404 0 25.8368
0.404 0 25.8378
0.404 0 25.8391
0.405 0 25.84
0.405 0 25.8412
0.405 0 25.9452
0.405 0 25.9502
0.408 0 25.9569
0.409 0 25.959
0.409 0 25.9601
0.411 0 25.9601
0.412 0 25.9611
0.412 0 25.9623
0.413 0 25.9714
0.414 0 25.9723
0.415 0 25.9782
0.415 0 25.9794
0.415 0 25.9933
0.416 0 25.9943
0.419 0 25.9956
0.420 0 26.0015
0.420 0 26.0242
0.421 0 26.0264
0.421 0 26.0274
0.421 0 26.042
0.422 0 26.7166
0.422 0 26.7179
0.423 0 26.7505
0.423 0 26.7514
0.424 0 26.7574
0.424 0 26.7585
0.426 0 26.7597
0.428 0 26.7752
0.430 0 26.7761
0.430 0 26.7774
0.431 0 26.7774
0.431 0 26.7784
0.431 0 26.7832
0.432 0 26.7843
0.433 0 26.8043
0.434 0 26.8065
0.434 0 26.8136
0.434 0 26.8216
0.437 0 26.8226
0.437 0 26.8239
0.438 0 26.8396
0.439 0 26.8954
0.439 0 26.9037
0.440 0 26.9047
0.441 0 26.9058
0.443 0 26.9181
0.443 0 26.9191
0.445 0 26.9203
0.447 0 26.9226
0.447 0 26.9236
0.447 0 26.9249
0.448 0 27.071
0.449 0 27.072
0.449 0 27.073
0.450 0 27.1124
0.453 0 27.1136
0.453 0 27.1383
0.454 0 27.1393
0.454 0 27.1443
0.455 0 27.1452
0.456 0 27.1575
0.458 0 27.1586
0.460 0 27.1596
0.461 0 27.1618
0.464 0 27.1629
0.464 0 27.1655
0.465 0 27.1655
0.465 0 27.1665
0.466 0 27.1676
0.470 0 27.2522
0.470 0 27.2532
0.471 0 27.2554
0.472 0 27.2567
0.473 0 27.2578
0.478 0 27.2588
0.478 0 27.2599
0.480 0 27.2612
0.481 0 27.2635
0.481 0 27.2646
0.483 0 27.2696
0.486 0 27.2841
0.487 0 27.2851
0.487 0 27.2864
0.487 0 27.3835
0.488 0 27.3847
0.489 0 27.4358
0.491 0 27.4381
0.493 0 27.4391
0.493 0 28.1744
0.494 0 28.1745
0.494 0 28.1818
0.495 0 28.1831
0.499 0 28.1981
0.499 0 28.1992
0.499 0 28.213
0.502 0 28.2154
0.502 0 28.2164
0.502 0 28.2177
0.503 0 28.2188
0.505 0 28.2837
0.505 0 28.2849
0.506 0 28.29
0.508 0 28.5675
0.509 0 28.5688
0.510 0 28.5698
0.512 0 28.5709
0.512 0 28.5721
0.514 0 28.5863
0.515 0 28.5887
0.516 0 28.5912
0.517 0 28.5926
0.519 0 28.5936
0.519 0 28.5947
0.519 0 28.5959
0.520 0 28.6292
0.524 0 28.6316
0.524 0 28.633
0.525 0 28.634
0.526 0 28.6414
0.527 0 28.6424
0.527 0 28.6809
0.528 0 28.6821
0.528 0 28.6967
0.529 0 28.698
0.530 0 28.7018
0.532 0 28.8304
0.532 0 28.8315
0.532 0 28.8329
0.533 0 28.8353
0.533 0 28.8405
0.536 0 28.8416
0.536 0 28.8428
0.538 0 28.8579
0.539 0 28.8593
0.541 0 28.8606
0.543 0 28.8645
0.544 0 28.8656
0.544 0 28.8667
0.545 0 28.8691
0.546 0 28.8919
0.546 0 28.8929
0.547 0 28.8944
0.549 0 28.8961
0.550 0 28.8974
0.553 0 28.8985
0.553 0 28.8997
0.554 0 28.9011
0.555 0 28.9036
0.556 0 28.9763
0.559 0 29.0566
0.559 0 29.0577
0.559 0 29.059
0.562 0 29.0605
0.565 0 29.0761
0.566 0 29.0774
0.567 0 29.0799
0.568 0 29.1356
0.568 0 29.1595
0.569 0 29.1607
0.571 0 29.7878
0.573 0 29.7888
0.574 0 29.7902
0.574 0 29.7916
0.576 0 29.7928
0.577 0 29.794
0.577 0 29.8001
0.578 0 29.8026
0.579 0 29.8081
0.583 0 29.9283
0.583 0 29.9296
0.583 0 29.9311
0.585 0 29.9327
0.586 0 29.9337
0.589 0 29.9464
0.589 0 29.9489
0.589 0 29.9501
0.590 0 29.9556
0.590 0 29.9571
0.593 0 29.9624
0.595 0 29.9647
0.596 0 30.2111
0.599 0 30.2137
0.599 0 30.2216
0.600 0 30.2231
0.601 0 30.2243
0.602 0 30.2305
0.603 0 30.2362
0.603 0 30.2372
0.605 0 30.2396
0.608 0 30.269
0.609 0 30.2705
0.610 0 30.2718
0.615 0 30.2742
0.617 0 30.28
0.618 0 30.3
0.620 0 30.3063
0.621 0 30.3079
0.624 0 30.3091
0.626 0 30.3103
0.627 0 30.3114
0.629 0 30.3129
0.630 0 30.3162
0.630 0 30.4244
0.635 0 30.4307
0.636 0 30.4319
0.642 0 30.4625
0.642 0 30.4641
0.642 0 30.4722
0.643 0 30.4734
0.643 0 30.4799
0.647 0 30.4811
0.648 0 30.4876
0.651 0 30.4887
0.652 0 30.4899
0.654 0 30.4915
0.657 0 30.5076
0.662 0 30.5266
0.662 0 30.5278
0.662 0 30.5331
0.663 0 30.5347
0.665 0 30.5358
0.666 0 30.5492
0.666 0 30.5575
0.667 0 30.562
0.668 0 30.5685
0.670 0 30.5698
0.672 0 30.5722
0.678 0 30.6383
0.678 0 30.6395
0.681 0 30.6406
0.685 0 30.642
0.685 0 30.656
0.686 0 30.6894
0.688 0 30.696
0.688 0 30.6973
0.689 0 30.7064
0.690 0 30.715
0.690 0 30.7195
0.692 0 30.722
0.698 0 30.7233
0.699 0 31.7113
0.699 0 31.7127
0.701 0 31.7139
0.702 0 31.764
0.706 0 31.7653
0.706 0 31.8192
0.708 0 31.8461
0.708 0 31.8527
0.708 0 31.8538
0.710 0 31.8551
0.715 0 31.8565
0.715 0 31.8653
0.716 0 31.8666
0.717 0 31.9299
0.718 0 31.9312
0.722 0 31.9326
0.727 0 31.9339
0.727 0 31.9353
0.729 0 31.9366
0.730 0 31.938
0.731 0 31.9392
0.735 0 31.9405
0.738 0 31.9712
0.739 0 31.9755
0.739 0 31.9769
0.740 0 32.1704
0.741 0 32.1718
0.744 0 32.1731
0.744 0 32.1785
0.745 0 32.2904
0.746 0 32.2994
0.748 0 32.3007
0.751 0 32.3021
0.755 0 32.3032
0.755 0 32.3064
0.756 0 32.3078
0.757 0 32.3092
0.758 0 32.3164
0.759 0 32.3178
0.763 0 32.3251
0.766 0 32.3265
0.767 0 32.332
0.768 0 32.3395
0.770 0 32.3408
0.771 0 32.342
0.771 0 32.4125
0.772 0 32.4217
0.773 0 32.423
0.773 0 32.4244
0.773 0 32.4258
0.777 0 32.4282
0.778 0 32.4296
0.779 0 32.4302
0.779 0 32.4465
0.781 0 32.4479
0.785 0 32.4493
0.786 0 32.4504
0.789 0 32.451
0.790 0 32.4598
0.791 0 32.4604
0.792 0 32.4617
0.793 0 32.4632
0.794 0 32.4655
0.795 0 32.4711
0.796 0 32.4724
0.797 0 32.4818
0.798 0 32.4832
0.799 0 32.4849
0.800 0 32.4872
0.803 0 32.4887
0.805 0 32.557
0.807 0 32.5594
0.810 0 32.5609
0.815 0 32.6526
0.815 0 32.655
0.815 0 32.6578
0.819 0 32.6592
0.819 0 32.6606
0.820 0 32.6703
0.820 0 32.691
0.821 0 32.6922
0.823 0 32.6936
0.825 0 33.322
0.825 0 33.3237
0.825 0 33.3608
0.827 0 33.3623
0.828 0 33.3635
0.832 0 33.365
0.832 0 33.578
0.833 0 33.5795
0.835 0 33.6177
0.835 0 33.6189
0.836 0 33.6412
0.836 0 33.6427
0.840 0 33.6502
0.840 0 33.6517
0.842 0 33.6653
0.843 0 33.6659
0.843 0 33.6672
0.843 0 33.6674
0.843 0 33.6687
0.844 0 33.6702
0.844 0 33.7149
0.847 0 33.7163
0.847 0 33.7178
0.848 0 33.7194
0.848 0 33.7356
0.850 0 33.7362
0.850 0 33.7374
0.852 0 33.7577
0.853 0 33.7654
0.853 0 33.7669
0.853 0 33.7684
0.857 0 33.7722
0.858 0 33.7728
0.858 0 33.7741
0.858 0 34.0759
0.859 0 34.0859
0.859 0 34.096
0.860 0 34.0975
0.861 0 34.099
0.861 0 34.1005
0.862 0 34.1508
0.864 0 34.1514
0.865 0 34.1592
0.865 0 34.1604
0.867 0 34.162
0.868 0 34.1747
0.870 0 34.1761
0.870 0 34.1934
0.871 0 34.2018
0.873 0 34.203
0.873 0 34.2046
0.873 0 34.2061
0.873 0 34.2078
0.876 0 34.2093
0.876 0 34.2367
0.877 0 34.2373
0.878 0 34.2478
0.880 0 34.2491
0.881 0 34.2507
0.881 0 34.2522
0.882 0 34.257
0.882 0 34.2661
0.887 0 34.2676
0.887 0 34.2691
0.888 0 34.2707
0.891 0 34.272
0.892 0 34.2895
0.893 0 34.2895
0.894 0 34.2911
0.895 0 34.2937
0.896 0 34.2953
0.896 0 34.3046
0.897 0 34.3063
0.901 0 34.3079
0.902 0 34.3093
0.903 0 34.4099
0.903 0 34.4115
0.905 0 34.4127
0.905 0 34.4142
0.910 0 34.4308
0.910 0 34.4321
0.911 0 34.4337
0.911 0 34.4353
0.911 0 34.4488
0.912 0 34.4584
0.913 0 34.4863
0.916 0 34.4876
0.916 0 34.506
0.917 0 34.5073
0.918 0 34.509
0.919 0 34.5106
0.920 0 34.5107
0.921 0 34.5124
0.921 0 34.5223
0.925 0 34.5237
0.926 0 34.5254
0.928 0 34.527
0.930 0 35.4445
0.932 0 35.4458
0.932 0 35.4474
0.933 0 35.449
0.934 0 35.4592
0.935 0 35.4609
0.938 0 35.7967
0.940 0 35.798
0.941 0 35.7983
0.941 0 35.8124
0.941 0 35.8138
0.941 0 35.8155
0.941 0 35.8171
0.944 0 35.8188
0.948 0 35.8205
0.948 0 35.8222
0.949 0 35.8236
0.954 0 35.8379
0.955 0 35.8396
0.958 0 35.841
0.958 0 35.8427
0.959 0 35.8442
0.961 0 35.8459
0.963 0 36.3116
0.964 0 36.3504
0.964 0 36.3517
0.965 0 36.3532
0.965 0 36.3549
0.968 0 36.3555
0.968 0 36.3572
0.971 0 36.3589
0.971 0 36.6406
0.972 0 36.6424
0.972 0 36.6755
0.973 0 36.6766
0.973 0 36.678
0.976 0 36.6798
0.977 0 36.6801
0.980 0 36.6815
0.981 0 36.6895
0.982 0 36.6912
0.983 0 36.693
0.984 0 36.6938
0.985 0 36.6944
0.987 0 36.6957
0.988 0 36.6972
0.991 0 36.6987
0.991 0 36.7005
0.992 0 36.7937
0.995 0 36.7952
0.995 0 36.797
0.998 0 36.8005
0.999 0 36.8225
1.001 0 36.8243
1.003 0 36.8258
1.006 0 36.8276
1.007 0 36.8512
1.009 0 36.8514
1.009 0 36.9403
1.010 0 36.9418
1.010 0 36.9436
1.013 0 36.945
1.013 0 36.9468
1.016 0 36.9564
1.017 0 36.9813
1.017 0 36.9831
1.018 0 36.9847
1.020 0 36.9853
1.020 0 36.9865
1.021 0 36.9883
1.022 0 36.9901
1.025 0 37.2128
1.025 0 37.2146
1.025 0 37.2203
1.026 0 37.2233
1.027 0 37.2249
1.029 0 37.2268
1.033 0 37.2286
1.034 0 37.2485
1.034 0 37.25
1.034 0 37.2516
1.036 0 37.253
1.037 0 37.2549
1.041 0 37.2564
1.041 0 37.2583
1.043 0 37.7737
1.043 0 37.7753
1.045 0 37.7771
1.046 0 37.779
1.047 0 37.7806
1.049 0 37.7811
1.050 0 38.3851
1.050 0 38.387
1.053 0 38.3886
1.054 0 38.3902
1.055 0 38.3974
1.055 0 38.3993
1.057 0 38.4007
1.061 0 38.4023
1.065 0 38.4039
1.065 0 38.4059
1.066 0 38.4097
1.067 0 38.4959
1.068 0 38.4975
1.073 0 38.4991
1.073 0 38.5009
1.077 0 38.5015
1.077 0 38.5032
1.080 0 38.5048
1.081 0 38.5062
1.081 0 38.5102
1.085 0 38.5118
1.086 0 38.5138
1.087 0 38.5542
1.090 0 38.5561
1.093 0 38.564
1.095 0 38.6074
1.096 0 38.6107
1.100 0 38.6752
1.100 0 38.9958
1.102 0 38.9977
1.103 0 38.9991
1.105 0 39.001
1.106 0 39.0122
1.112 0 39.0155
1.115 0 39.0213
1.117 0 39.0233
1.119 0 39.0285
1.121 0 39.0304
1.125 0 39.0319
1.126 0 39.0336
1.128 0 39.0355
1.134 0 39.0375
1.135 0 39.0392
1.138 0 39.0613
1.141 0 39.0619
1.142 0 39.0939
1.142 0 39.1634
1.142 0 39.1652
1.143 0 39.1711
1.144 0 39.1731
1.147 0 39.322
1.149 0 39.3234
1.149 0 39.3268
1.150 0 39.3286
1.150 0 39.3306
1.151 0 39.3494
1.152 0 39.3535
1.156 0 39.3554
1.157 0 39.3572
1.158 0 39.3578
1.165 0 39.3596
1.166 0 39.3617
1.172 0 39.3783
1.172 0 39.3802
1.174 0 39.3862
1.175 0 39.3868
1.176 0 39.3889
1.178 0 39.3909
1.180 0 39.5506
1.181 0 39.5712
1.181 0 39.573
1.181 0 39.7434
1.182 0 39.7453
1.186 0 39.7567
1.187 0 39.7586
1.191 0 39.7605
1.194 0 39.7624
1.194 0 39.7645
1.195 0 39.9004
1.199 0 39.9024
1.201 0 39.9043
1.204 0 39.9428
1.207 0 39.9546
1.208 0 39.9581
1.209 0 39.96
1.209 0 39.962
1.209 0 39.9662
1.210 0 39.9683
1.212 0 39.9689
1.213 0 39.972
1.216 0 39.9924
1.216 0 39.9943
1.217 0 39.9963
1.219 0 39.9998
1.224 0 40.0018
1.226 0 40.0139
1.227 0 40.0157
1.227 0 40.0177
1.230 0 40.0183
1.231 0 40.0203
1.232 0 40.0343
1.234 0 40.0363
1.234 0 40.0406
1.235 0 40.0972
1.236 0 40.6144
1.238 0 40.6162
1.240 0 40.6183
1.244 0 40.6203
1.247 0 40.6221
1.247 0 40.6242
1.252 0 40.6262
1.254 0 40.6859
1.255 0 40.6879
1.256 0 40.6898
1.261 0 40.6932
1.261 0 40.6952
1.261 0 40.6973
1.262 0 40.717
1.262 0 40.7214
1.264 0 40.856
1.266 0 40.8581
1.267 0 40.8599
1.268 0 40.862
1.269 0 41.189
1.273 0 42.1765
1.274 0 42.2001
1.276 0 42.2022
1.277 0 42.2041
1.277 0 42.2086
1.279 0 42.2107
1.284 0 42.2282
1.284 0 42.2304
1.285 0 42.2349
1.286 0 42.2563
1.287 0 42.2582
1.289 0 42.3961
1.293 0 42.3983
1.293 0 42.4029
1.295 0 42.4152
1.298 0 42.4195
1.298 0 42.4291
1.299 0 42.431
1.299 0 42.4331
1.300 0 42.4379
1.301 0 42.4401
1.309 0 42.442
1.309 0 42.4442
1.310 0 42.4474
1.312 0 42.4496
1.312 0 42.7198
1.316 0 42.7221
1.318 0 42.7445
1.318 0 42.7464
1.321 0 42.7578
1.323 0 42.7602
1.324 0 42.7719
1.326 0 42.7742
1.328 0 42.7764
1.328 0 42.7886
1.330 0 42.7906
1.333 0 42.7949
1.335 0 42.7975
1.336 0 42.8289
1.337 0 42.8312
1.340 0 42.8334
1.341 0 42.8348
1.342 0 42.8368
1.347 0 42.8417
1.347 0 42.844
1.351 0 42.846
1.354 0 42.8474
1.355 0 42.8689
1.356 0 42.8713
1.357 0 42.8735
1.357 0 42.8758
1.358 0 42.878
1.359 0 43.1519
1.360 0 43.1539
1.363 0 43.3571
1.366 0 43.3594
1.367 0 43.4428
1.368 0 43.4468
1.368 0 43.4488
1.368 0 43.4557
1.369 0 43.4586
1.370 0 43.459
1.370 0 43.4613
1.371 0 43.4638
1.376 0 43.4658
1.376 0 43.4682
1.378 0 43.4985
1.380 0 43.4999
1.380 0 43.5021
1.381 0 43.5113
1.383 0 43.5136
1.383 0 43.516
1.384 0 43.5181
1.385 0 43.563
1.385 0 43.5758
1.386 0 43.578
1.388 0 43.5822
1.388 0 43.646
1.388 0 43.6485
1.390 0 43.65
1.392 0 43.6524
1.393 0 43.6545
1.394 0 43.6549
1.395 0 43.6564
1.397 0 43.6596
1.397 0 43.6609
1.399 0 43.6633
1.399 0 43.6726
1.400 0 43.6751
1.401 0 43.6765
1.401 0 43.6787
1.402 0 43.6832
1.405 0 43.6859
1.410 0 43.688
1.410 0 43.6905
1.411 0 43.7121
1.411 0 43.7136
1.411 0 43.7158
1.411 0 43.7182
1.411 0 43.7278
1.412 0 43.7327
1.415 0 43.7352
1.416 0 43.7375
1.419 0 43.7397
1.419 0 43.7422
1.421 0 43.7446
1.424 0 43.7461
1.425 0 43.7612
1.427 0 43.7635
1.427 0 43.7658
1.427 0 43.7682
1.431 0 43.778
1.436 0 43.7795
1.436 0 43.7819
1.436 0 43.787
1.437 0 43.7892
1.440 0 43.804
1.442 0 43.8064
1.442 0 43.8088
1.446 0 43.8111
1.448 0 43.8126
1.451 0 43.8166
1.451 0 43.8266
1.454 0 43.8289
1.454 0 43.8416
1.456 0 43.8441
1.458 0 43.8465
1.459 0 43.8517
1.460 0 43.8533
1.461 0 43.8556
1.462 0 43.8658
1.465 0 43.8685
1.470 0 43.8708
1.472 0 43.8733
1.472 0 43.8733
1.473 0 43.8748
1.474 0 43.8773
1.477 0 43.8906
1.478 0 43.893
1.485 0 43.8954
1.486 0 43.8969
1.486 0 43.9022
1.487 0 43.9161
1.488 0 43.9186
1.494 0 43.921
1.495 0 43.9481
1.495 0 43.9626
1.499 0 43.9651
1.501 0 43.9676
1.502 0 43.9692
1.502 0 43.9716
1.506 0 43.9868
1.510 0 43.9895
1.511 0 43.991
1.514 0 43.9961
1.519 0 44.012
1.520 0 44.0194
1.521 0 44.0244
1.523 0 44.0269
1.524 0 44.0285
1.526 0 44.0451
1.528 0 44.0476
1.530 0 44.0502
1.532 0 44.0542
1.536 0 44.0842
1.537 0 44.0869
1.537 0 44.1141
1.538 0 44.1156
1.538 0 44.1182
1.539 0 44.1356
1.543 0 44.1383
1.546 0 44.1565
1.547 0 44.1591
1.549 0 44.1617
1.550 0 44.1633
1.553 0 44.1633
1.555 0 44.1826
1.556 0 44.1852
1.556 0 44.1878
1.560 0 44.2121
1.561 0 44.2228
1.562 0 44.2431
1.563 0 44.3061
1.563 0 44.3077
1.563 0 44.3104
1.565 0 44.3132
1.570 0 44.3345
1.572 0 44.337
1.572 0 44.3397
1.572 0 44.4001
1.573 0 44.4028
1.575 0 44.4118
1.576 0 44.4134
1.577 0 44.416
1.577 0 44.4385
1.577 0 44.4387
1.578 0 44.4392
1.581 0 44.4419
1.581 0 44.9873
1.585 0 44.9901
1.585 0 45.0139
1.586 0 45.0166
1.588 0 45.0191
1.588 0 45.0737
1.589 0 45.0765
1.590 0 45.0781
1.590 0 45.0883
1.591 0 45.091
1.595 0 45.0915
1.595 0 45.2048
1.596 0 45.205
1.596 0 45.2312
1.597 0 45.2417
1.597 0 45.2669
1.598 0 45.2877
1.599 0 45.3088
1.601 0 45.3144
1.602 0 45.3172
1.603 0 45.3188
1.604 0 45.3214
1.607 0 45.324
1.607 0 45.3369
1.609 0 45.3373
1.612 0 45.3641
1.614 0 45.3669
1.616 0 45.3685
1.617 0 45.3713
1.620 0 45.374
1.620 0 45.3768
1.620 0 45.3769
1.621 0 45.3796
1.623 0 45.3824
1.626 0 45.3829
1.628 0 45.3855
1.629 0 45.3872
1.629 0 45.4156
1.630 0 45.4185
1.634 0 45.4189
1.635 0 45.4216
1.637 0 45.4232
1.637 0 45.4233
1.643 0 45.4262
1.646 0 45.4289
1.647 0 45.4293
1.647 0 45.4322
1.651 0 45.4452
1.651 0 45.4474
1.651 0 45.455
1.651 0 45.4577
1.652 0 45.4604
1.653 0 45.4621
1.655 0 45.465
1.657 0 45.4651
1.659 0 45.5181
1.661 0 45.5305
1.664 0 45.5652
1.666 0 45.5669
1.667 0 45.5696
1.672 0 45.5725
1.674 0 45.5881
1.674 0 45.5882
1.675 0 45.5909
1.675 0 45.5939
1.682 0 45.5956
1.683 0 45.596
1.686 0 45.5988
1.689 0 45.6018
1.690 0 45.6328
1.692 0 45.6437
1.693 0 45.6438
1.694 0 45.6455
1.694 0 45.6485
1.699 0 45.6512
1.699 0 45.654
1.700 0 45.6647
1.704 0 45.6651
1.705 0 45.6668
1.705 0 45.6699
1.707 0 45.6726
1.709 0 45.6836
1.712 0 45.6838
1.715 0 45.6866
1.718 0 45.6884
1.718 0 45.6914
1.719 0 45.7027
1.721 0 45.7057
1.723 0 45.7062
1.724 0 45.7068
1.726 0 45.7096
1.730 0 45.7113
1.731 0 45.7142
1.733 0 45.7274
1.735 0 45.7305
1.735 0 45.7308
1.743 0 45.7325
1.744 0 45.7354
1.747 0 45.7382
1.748 0 45.7412
1.751 0 45.7415
1.753 0 45.7531
1.756 0 45.7549
1.758 0 45.7576
1.759 0 45.7605
1.768 0 45.7623
1.769 0 45.8036
1.770 0 45.804
1.771 0 45.8069
1.771 0 45.8099
1.771 0 45.8102
1.772 0 45.8131
1.775 0 45.8135
1.775 0 45.8223
1.780 0 45.8241
1.784 0 45.8611
1.786 0 45.8641
1.788 0 45.8644
1.789 0 45.8649
1.793 0 45.8667
1.793 0 45.9842
1.794 0 45.9871
1.799 0 45.9902
1.802 0 45.9932
1.803 0 46.0199
1.806 0 46.0217
1.807 0 46.0219
1.808 0 46.0223
1.815 0 46.0253
1.817 0 46.0255
1.818 0 46.0273
1.818 0 46.0304
1.819 0 46.0309
1.823 0 46.0311
1.827 0 46.0343
1.830 0 46.0347
1.830 0 46.0378
1.831 0 46.0397
1.832 0 46.0854
1.833 0 46.0967
1.834 0 46.1402
1.836 0 46.141
1.839 0 46.144
1.841 0 46.1443
1.844 0 46.1461
1.846 0 46.1493
1.851 0 46.1524
1.851 0 46.1641
1.853 0 46.245
1.857 0 46.2451
1.858 0 46.2469
1.859 0 46.2501
1.860 0 46.2504
1.860 0 46.3058
1.863 0 46.3088
1.872 0 46.3121
1.874 0 46.3153
1.879 0 46.318
1.883 0 46.3183
1.886 0 46.3213
1.888 0 46.3246
1.900 0 46.3278
1.903 0 46.3311
1.904 0 46.3318
1.904 0 46.3388
1.910 0 46.3419
1.916 0 46.3453
1.923 0 46.3795
1.931 0 46.3921
1.931 0 46.3924
1.931 0 46.4319
1.932 0 46.4353
1.937 0 46.4387
1.938 0 46.4418
1.948 0 46.4424
1.951 0 46.4456
1.958 0 46.449
1.961 0 46.4522
1.963 0 46.5158
1.965 0 46.5192
1.973 0 46.5195
1.974 0 46.5217
1.975 0 46.5621
1.986 0 46.5709
1.986 0 46.5741
1.987 0 46.5776
1.987 0 46.5793
1.991 0 46.5869
1.992 0 46.5903
1.999 0 46.6239
2.006 0 46.6261
2.006 0 46.6527
2.009 0 46.6559
2.013 0 46.6595
2.018 0 46.6701
2.020 0 46.6736
2.029 0 46.6767
2.033 0 46.68
2.044 0 46.6835
2.057 0 46.6868
2.067 0 46.69
2.071 0 46.6935
2.084 0 46.6969
2.087 0 46.6993
2.092 0 46.7187
2.093 0 46.722
2.096 0 46.7255
2.107 0 46.7289
2.121 0 46.7322
2.121 0 46.7358
2.123 0 46.7394
2.130 0 46.7429
2.144 0 46.7462
2.150 0 47.2827
2.151 0 47.2863
2.155 0 47.2898
2.158 0 47.2935
2.169 0 47.2969
2.175 0 47.3006
2.177 0 47.3041
2.192 0 47.3049
2.192 0 47.3083
2.201 0 47.3192
2.201 0 47.3228
2.202 0 47.7395
2.218 0 47.7429
2.218 0 47.7446
2.226 0 47.7482
2.231 0 47.8003
2.234 0 47.8077
2.236 0 47.8094
2.246 0 47.8129
2.249 0 47.8166
2.265 0 47.8466
2.267 0 47.8471
2.273 0 47.8507
2.273 0 47.8544
2.278 0 47.8554
2.285 0 47.8659
2.291 0 47.8943
2.296 0 47.898
2.298 0 47.9016
2.301 0 47.9054
2.304 0 47.9366
2.312 0 47.9475
2.319 0 47.949
2.321 0 47.9526
2.325 0 47.9564
2.325 0 47.9641
2.327 0 48.0788
2.335 0 48.0901
2.336 0 48.1012
2.337 0 48.9391
2.337 0 48.9405
2.342 0 48.9713
2.345 0 49.0459
2.348 0 49.0498
2.349 0 49.0535
2.354 0 49.0548
2.360 0 49.0665
2.361 0 49.5739
2.369 0 49.5763
2.373 0 49.5801
2.376 0 49.5819
2.376 0 49.5859
2.379 0 50.0967
2.381 0 50.2402
2.384 0 50.2523
2.385 0 50.2859
2.387 0 50.2981
2.390 0 50.3266
2.396 0 50.3303
2.396 0 50.3727
2.398 0 50.3945
2.398 0 50.399
2.399 0 50.403
2.400 0 50.4067
2.406 0 50.4144
2.407 0 50.4269
2.407 0 50.4395
2.411 0 50.4474
2.413 0 50.4779
2.420 0 50.4839
2.423 0 50.4877
2.424 0 50.4916
2.424 0 50.5046
2.427 0 50.5087
2.430 0 50.5211
2.432 0 50.5341
2.435 0 50.5477
2.440 0 50.6915
2.441 0 50.716
2.443 0 50.7301
2.448 0 50.7339
2.448 0 50.7344
2.452 0 50.7383
2.454 0 50.7424
2.454 0 50.7571
2.459 0 50.7706
2.459 0 50.7893
2.462 0 50.7998
2.465 0 50.8151
2.468 0 50.819
2.475 0 50.835
2.478 0 50.8392
2.479 0 50.8431
2.486 0 50.8571
2.488 0 50.8738
2.493 0 50.8777
2.496 0 50.8951
2.499 0 50.8953
2.502 0 50.9501
2.502 0 50.9543
2.510 0 50.9583
2.512 0 51.6122
2.516 0 51.6162
2.526 0 51.6205
2.529 0 51.6519
2.533 0 51.6601
2.534 0 51.6663
2.540 0 51.6703
2.540 0 51.6788
2.542 0 51.679
2.548 0 51.6792
2.549 0 51.688
2.554 0 51.6924
2.555 0 51.7151
2.564 0 51.7192
2.569 0 51.7374
2.574 0 51.7376
2.580 0 51.7413
2.581 0 51.7458
2.587 0 51.746
2.588 0 51.7502
2.600 0 51.7504
2.603 0 51.7549
2.606 0 51.8105
2.611 0 51.8147
2.612 0 51.8254
2.625 0 51.8257
2.626 0 51.8303
2.628 0 51.8413
2.629 0 51.8415
2.629 0 51.8453
2.635 0 51.8496
2.639 0 51.8609
2.649 0 51.8632
2.651 0 51.8678
2.651 0 51.8691
2.652 0 51.8693
2.665 0 51.8755
2.672 0 51.8757
2.672 0 52.0756
2.675 0 52.0803
2.679 0 52.0806
2.693 0 52.0869
2.696 0 52.0917
2.699 0 52.1533
2.704 0 52.2042
2.705 0 52.2045
2.715 0 52.2046
2.719 0 52.2112
2.720 0 52.2119
2.725 0 52.2168
2.730 0 52.217
2.730 0 52.2258
2.740 0 52.2266
2.751 0 52.2456
2.752 0 52.2461
2.755 0 52.2661
2.757 0 52.2663
2.757 0 52.2872
2.759 0 52.3092
2.762 0 52.3169
2.768 0 52.3218
2.783 0 52.322
2.795 0 52.3271
2.795 0 52.3362
2.799 0 52.3366
2.811 0 52.3368
2.813 0 52.3379
2.815 0 52.3417
2.815 0 52.3511
2.822 0 52.3549
2.822 0 52.36
2.823 0 52.3605
2.829 0 52.3644
2.835 0 52.3741
2.837 0 52.3743
2.842 0 52.3844
2.843 0 52.386
2.845 0 52.3912
2.851 0 52.428
2.853 0 52.4385
2.863 0 52.4494
2.865 0 52.4499
2.874 0 52.4612
2.876 0 52.5046
2.883 0 52.5164
2.892 0 52.5169
2.921 0 52.5171
2.924 0 52.5176
2.936 0 52.5683
2.941 0 52.5751
2.948 0 52.5754
2.954 0 52.5834
2.961 0 52.5857
2.974 0 52.5862
2.975 0 52.5865
2.988 0 52.6186
2.993 0 52.6225
2.993 0 52.6456
3.000 0 52.6458
3.003 0 52.6538
3.009 0 52.6635
3.019 0 52.664
3.021 0 52.668
3.022 0 52.6796
3.024 0 52.6878
3.029 0 52.688
3.032 0 52.6926
3.033 0 52.6985
3.039 0 53.0547
3.056 0 53.0549
3.059 0 53.0979
3.070 0 53.0988
3.080 0 53.1514
3.086 0 53.156
3.091 0 53.1637
3.112 0 53.1649
3.117 0 53.1771
3.121 0 53.1781
3.126 0 53.1909
3.133 0 53.2042
3.134 0 53.2118
3.142 0 53.2257
3.149 0 53.2263
3.151 0 53.2408
3.151 0 53.3518
3.160 0 53.3669
3.167 0 53.3828
3.176 0 53.3994
3.185 0 53.4168
3.186 0 53.4175
3.189 0 53.4435
3.196 0 53.4618
3.203 0 53.4768
3.229 0 53.4781
3.268 0 53.4973
3.273 0 53.4987
3.280 0 53.5209
3.283 0 53.5235
3.316 0 53.5249
3.317 0 53.5533
3.333 0 53.5836
3.340 0 53.5836
3.340 0 53.6159
3.373 0 53.616
3.420 0 53.6736
3.453 0 53.6737
3.481 0 53.6876
3.541 0 53.7184
3.567 0 53.7292
3.604 0 53.7652
3.668 0 53.7666
3.697 0 53.8318
3.912 0 53.8561
3.989 0 53.8599
3.994 0 53.8618
4.003 0 53.8874
4.023 0 53.9077
4.044 0 53.929
4.061 0 53.9515
4.952 0 53.9573
5.185 0 53.9687
5.651 0 54.0636
5.746 0 54.073
5.828 0 54.079
5.901 0 54.1768
5.925 0 54.182
6.012 0 54.1862
6.093 0 54.1907
6.178 0 54.1955
6.266 0 54.2006
6.361 0 54.206
6.461 0 54.5694
7.780 0 54.6748
8.360 0 54.7239
8.461 0 54.8096
8.542 0 54.8106
8.619 0 54.8117
8.700 0 54.8128
8.779 0 54.8138
8.857 0 54.8149
8.932 0 54.816
