0.221 0 0.00145179
0.222 0 0.0168149
0.226 0 0.781521
0.228 0 0.945386
0.230 0 0.953752
0.232 0 0.96227
0.234 0 1.04646
0.235 0 1.06326
0.237 0 1.07194
0.238 0 1.728
0.239 0 1.73684
0.245 0 1.7369
0.245 0 2.36481
0.245 0 2.59962
0.251 0 3.12306
0.252 0 3.12312
0.253 0 3.84793
0.268 0 4.60793
0.270 0 4.63389
0.271 0 4.65986
0.275 0 4.80462
0.278 0 4.83059
0.278 0 4.87582
0.279 0 4.90179
0.279 0 4.92776
0.281 0 5.07866
0.281 0 5.29836
0.282 0 5.5102
0.282 0 5.5602
0.286 0 5.98483
0.288 0 6.00317
0.290 0 6.19208
0.290 0 6.41295
0.290 0 6.43288
0.291 0 6.5407
0.292 0 6.56244
0.294 0 6.78351
0.294 0 6.80732
0.298 0 6.83351
0.301 0 6.86246
0.303 0 6.89462
0.305 0 7.02016
0.305 0 7.05611
0.307 0 7.09655
0.308 0 7.1432
0.312 0 7.20444
0.324 0 7.26917
0.328 0 8.11574
0.333 0 8.20838
0.352 0 8.86167
0.355 0 9.71139
0.360 0 9.75722
0.360 0 10.633
0.372 0 10.8813
0.379 0 11.3908
0.383 0 11.711
0.387 0 11.9516
0.390 0 12.004
0.392 0 12.0146
0.392 0 12.075
0.394 0 12.077
0.398 0 12.0878
0.400 0 12.0991
0.400 0 12.1422
0.401 0 12.1534
0.411 0 12.1649
0.414 0 12.1889
0.415 0 12.4297
0.419 0 12.4707
0.422 0 12.8963
0.425 0 12.8977
0.425 0 12.9067
0.427 0 12.9082
0.430 0 12.9224
0.431 0 13.1793
0.431 0 13.1808
0.433 0 13.1934
0.444 0 13.2042
0.446 0 13.9314
0.448 0 13.9444
0.451 0 13.9578
0.452 0 13.9813
0.455 0 13.9951
0.458 0 14.0226
0.469 0 14.5402
0.476 0 14.8293
0.488 0 14.8436
0.502 0 14.8795
0.516 0 14.9427
0.524 0 15.1035
0.531 0 15.4801
0.532 0 15.4948
0.545 0 15.5991
0.563 0 15.6005
0.575 0 15.8028
0.586 0 15.8957
0.594 0 16.3232
0.609 0 16.3649
0.610 0 16.9681
0.610 0 17.2593
0.614 0 17.2777
0.619 0 17.2971
0.621 0 17.4644
0.623 0 17.4955
0.625 0 17.9195
0.628 0 18.6595
0.631 0 18.6874
0.636 0 18.6932
0.636 0 18.7359
0.639 0 18.7373
0.639 0 18.7886
0.642 0 18.7938
0.646 0 18.8006
0.646 0 18.8647
0.663 0 19.01
0.670 0 19.7585
0.686 0 19.8744
0.708 0 19.9152
0.711 0 20.347
0.717 0 20.3479
0.720 0 20.3723
0.721 0 20.3732
0.721 0 20.4537
0.726 0 20.4556
0.726 0 20.5596
0.730 0 20.5606
0.731 0 20.7483
0.734 0 20.7493
0.736 0 20.7596
0.739 0 20.7606
0.740 0 20.7784
0.740 0 20.7792
0.743 0 20.7802
0.746 0 20.8365
0.747 0 20.8375
0.747 0 20.8487
0.747 0 20.8495
0.749 0 20.8568
0.750 0 20.8861
0.751 0 20.8871
0.751 0 21.6224
0.752 0 21.634
0.752 0 21.6348
0.752 0 21.7211
0.756 0 21.7221
0.756 0 21.723
0.758 0 21.7238
0.760 0 21.7258
0.760 0 21.7298
0.761 0 21.7307
0.762 0 21.7717
0.763 0 21.7725
0.764 0 21.7735
0.764 0 21.7816
0.765 0 21.783
0.765 0 21.8164
0.765 0 22.3548
0.766 0 22.3989
0.766 0 22.3998
0.768 0 22.451
0.768 0 22.4716
0.769 0 22.4726
0.769 0 22.4894
0.769 0 22.8329
0.770 0 22.8797
0.770 0 22.8805
0.771 0 22.8807
0.772 0 22.8816
0.772 0 22.8994
0.773 0 22.9004
0.773 0 23.2429
0.775 0 23.2442
0.775 0 23.2482
0.775 0 23.2673
0.775 0 23.2773
0.776 0 23.3017
0.776 0 23.3025
0.777 0 23.3035
0.777 0 23.3045
0.778 0 23.3088
0.778 0 23.3293
0.779 0 23.3567
0.780 0 23.3671
0.780 0 23.3823
0.780 0 23.3966
0.781 0 23.3976
0.781 0 23.3984
0.782 0 23.4315
0.782 0 23.4325
0.784 0 24.2081
0.785 0 24.2235
0.786 0 24.2245
0.786 0 24.2253
0.788 0 24.2341
0.788 0 24.2351
0.789 0 24.3124
0.789 0 24.329
0.790 0 24.3523
0.792 0 24.5637
0.792 0 24.6466
0.792 0 24.6474
0.793 0 24.6484
0.793 0 24.6494
0.793 0 24.6628
0.794 0 24.7478
0.795 0 24.7576
0.797 0 24.7584
0.797 0 24.7728
0.799 0 24.7738
0.800 0 24.7749
0.803 0 24.7757
0.804 0 24.7767
0.805 0 24.7779
0.806 0 24.7789
0.806 0 24.789
0.808 0 24.7899
0.809 0 24.7908
0.810 0 24.792
0.811 0 24.8026
0.813 0 24.8034
0.815 0 24.8119
0.815 0 24.8129
0.816 0 24.8141
0.818 0 25.2659
0.818 0 25.2769
0.819 0 25.2778
0.819 0 25.2927
0.819 0 25.3376
0.820 0 25.3386
0.820 0 25.3822
0.821 0 25.3833
0.822 0 25.395
0.824 0 25.3958
0.825 0 25.3968
0.826 0 25.398
0.826 0 25.7026
0.826 0 25.7148
0.827 0 25.7225
0.829 0 25.7234
0.831 0 25.7244
0.831 0 25.7372
0.832 0 25.7698
0.833 0 25.771
0.834 0 25.779
0.835 0 25.7798
0.836 0 25.7809
0.839 0 26.0755
0.840 0 26.0764
0.840 0 26.0845
0.841 0 26.0855
0.842 0 26.1055
0.843 0 26.1345
0.843 0 26.1511
0.845 0 26.152
0.847 0 26.1677
0.847 0 26.1688
0.847 0 26.1771
0.851 0 26.178
0.852 0 26.2115
0.852 0 26.2172
0.852 0 26.2182
0.852 0 26.2194
0.853 0 26.2279
0.856 0 26.2288
0.857 0 26.2347
0.857 0 26.2405
0.857 0 26.2415
0.858 0 26.2427
0.861 0 26.2436
0.862 0 26.2545
0.863 0 26.2556
0.864 0 26.2569
0.864 0 26.2581
0.867 0 26.259
0.868 0 26.2601
0.869 0 26.2613
0.871 0 26.291
0.871 0 26.3878
0.872 0 26.3887
0.872 0 26.3953
0.874 0 26.3964
0.874 0 26.3977
0.876 0 26.405
0.877 0 26.4109
0.878 0 26.4118
0.878 0 26.4257
0.879 0 26.4266
0.879 0 26.4277
0.880 0 26.429
0.882 0 26.4349
0.882 0 26.4495
0.883 0 26.4505
0.884 0 26.4514
0.884 0 26.4525
0.885 0 26.4538
0.887 0 26.4598
0.887 0 26.4753
0.888 0 26.4762
0.889 0 26.4821
0.890 0 26.4831
0.890 0 26.4842
0.890 0 26.4855
0.891 0 26.4935
0.894 0 26.5246
0.894 0 26.5255
0.895 0 26.5266
0.895 0 26.5349
0.896 0 26.5362
0.897 0 26.5372
0.898 0 26.5646
0.899 0 26.5656
0.899 0 26.5766
0.900 0 26.5851
0.902 0 26.5864
0.904 0 26.5874
0.905 0 26.5883
0.905 0 26.5895
0.906 0 26.5899
0.907 0 26.6521
0.908 0 26.6534
0.910 0 26.6544
0.910 0 26.6657
0.911 0 26.6668
0.913 0 26.6681
0.913 0 26.8164
0.914 0 26.8174
0.915 0 26.8184
0.917 0 26.8195
0.918 0 26.8208
0.920 0 26.8218
0.920 0 26.8228
0.923 0 26.8239
0.924 0 26.8253
0.925 0 26.8263
0.926 0 26.8273
0.928 0 26.8284
0.929 0 26.8298
0.930 0 26.8308
0.931 0 26.8318
0.933 0 26.8325
0.934 0 26.8336
0.934 0 26.835
0.936 0 26.836
0.936 0 26.837
0.937 0 26.8531
0.939 0 26.8543
0.940 0 26.8926
0.940 0 26.894
0.941 0 26.895
0.942 0 26.8961
0.944 0 26.8972
0.945 0 26.8986
0.946 0 26.8997
0.947 0 26.9007
0.949 0 26.9017
0.950 0 26.9031
0.952 0 26.9042
0.953 0 26.9052
0.955 0 26.9062
0.956 0 26.9076
0.957 0 26.9087
0.958 0 26.9097
0.959 0 26.9435
0.959 0 26.9456
0.960 0 26.9531
0.961 0 26.9545
0.962 0 26.9556
0.966 0 26.957
0.972 0 26.9585
0.975 0 26.9595
0.977 0 26.961
0.982 0 26.9621
0.986 0 26.9635
0.987 0 26.9646
0.989 0 26.9893
0.992 0 27.0166
0.992 0 27.0181
0.992 0 27.0711
0.993 0 27.0722
0.997 0 27.0737
0.999 0 27.7008
0.999 0 27.7019
1.001 0 27.7131
1.003 0 27.7146
1.004 0 27.7157
1.008 0 27.7172
1.009 0 27.7183
1.015 0 27.7199
1.016 0 27.7253
1.016 0 27.7312
1.018 0 27.7323
1.020 0 27.7339
1.021 0 27.9048
1.024 0 27.9058
1.024 0 27.9069
1.026 0 27.9085
1.028 0 27.9097
1.033 0 27.9113
1.034 0 27.9125
1.035 0 27.9148
1.038 0 27.9206
1.038 0 27.9222
1.039 0 27.9234
1.041 0 27.9258
1.043 0 27.9258
1.044 0 27.927
1.045 0 27.9323
1.048 0 27.9347
1.048 0 28.0052
1.049 0 28.1217
1.050 0 28.1229
1.051 0 28.1256
1.051 0 28.1268
1.054 0 28.1292
1.055 0 28.1305
1.057 0 28.1359
1.059 0 28.1371
1.059 0 28.1396
1.061 0 28.1903
1.062 0 28.1903
1.064 0 28.2505
1.064 0 28.2517
1.065 0 28.2542
1.065 0 28.2555
1.070 0 28.258
1.071 0 28.2592
1.071 0 28.2605
1.077 0 28.2617
1.077 0 28.263
1.079 0 28.263
1.080 0 28.264
1.082 0 28.2653
1.083 0 28.2666
1.086 0 28.2676
1.088 0 28.2689
1.088 0 28.2702
1.090 0 28.329
1.091 0 28.3301
1.093 0 28.3346
1.093 0 28.3359
1.094 0 28.3372
1.097 0 28.3372
1.097 0 28.3418
1.097 0 28.3429
1.098 0 28.3442
1.099 0 28.3455
1.100 0 28.3466
1.102 0 28.3476
1.103 0 28.4749
1.104 0 28.4796
1.104 0 28.4932
1.104 0 28.4945
1.106 0 28.4967
1.108 0 28.5862
1.108 0 28.5873
1.109 0 28.5886
1.110 0 28.5908
1.113 0 28.5919
1.113 0 28.5944
1.114 0 28.5944
1.114 0 28.5957
1.115 0 28.5979
1.116 0 29.1197
1.116 0 29.1223
1.118 0 29.1234
1.119 0 29.1257
1.119 0 29.1283
1.120 0 29.1342
1.120 0 29.1483
1.120 0 29.1496
1.122 0 29.1523
1.123 0 29.1545
1.124 0 29.1556
1.124 0 29.1583
1.125 0 29.1596
1.127 0 29.1619
1.128 0 29.1646
1.129 0 29.1658
1.129 0 29.1684
1.129 0 29.1738
1.131 0 29.1751
1.132 0 29.1751
1.132 0 29.1762
1.133 0 29.1791
1.134 0 29.1802
1.135 0 29.1829
1.136 0 29.1841
1.136 0 29.1854
1.140 0 29.1865
1.140 0 29.1893
1.140 0 29.1922
1.141 0 29.1981
1.141 0 29.1993
1.141 0 29.2006
1.143 0 29.447
1.145 0 29.4482
1.145 0 29.451
1.147 0 29.4521
1.147 0 29.4535
1.147 0 29.4564
1.151 0 29.4576
1.151 0 29.4587
1.151 0 29.4616
1.153 0 29.4646
1.155 0 29.4648
1.155 0 29.4659
1.156 0 29.4671
1.156 0 29.47
1.159 0 29.473
1.160 0 29.4742
1.161 0 29.4754
1.161 0 29.4784
1.164 0 29.4796
1.164 0 29.4826
1.165 0 29.6761
1.165 0 29.6789
1.167 0 29.6801
1.167 0 29.6831
1.168 0 29.6843
1.171 0 29.6871
1.172 0 29.6883
1.172 0 29.6895
1.172 0 29.6926
1.177 0 29.6938
1.177 0 29.6949
1.177 0 29.6978
1.181 0 29.699
1.181 0 29.7006
1.182 0 29.7035
1.183 0 29.7047
1.186 0 29.7059
1.186 0 29.7091
1.187 0 29.712
1.188 0 29.7132
1.188 0 29.7149
1.189 0 29.7159
1.191 0 29.7172
1.191 0 29.7204
1.193 0 29.7216
1.193 0 29.7246
1.193 0 29.7262
1.195 0 29.7274
1.195 0 30.3064
1.196 0 30.3096
1.198 0 30.3127
1.199 0 30.3139
1.199 0 30.3152
1.199 0 30.3168
1.203 0 30.3181
1.203 0 30.3214
1.204 0 30.3226
1.204 0 30.3257
1.204 0 30.3274
1.208 0 30.3286
1.209 0 30.3299
1.209 0 30.3331
1.209 0 30.3347
1.209 0 30.3381
1.212 0 30.3394
1.214 0 30.3426
1.214 0 30.346
1.214 0 30.3863
1.215 0 30.3876
1.215 0 30.3893
1.216 0 30.3905
1.220 0 30.3918
1.220 0 30.3951
1.220 0 30.3968
1.221 0 30.3981
1.222 0 30.4016
1.225 0 30.4028
1.225 0 30.4062
1.226 0 30.4075
1.226 0 30.4092
1.229 0 30.4105
1.230 0 30.4139
1.231 0 30.4152
1.231 0 30.4169
1.233 0 30.4182
1.236 0 30.4195
1.236 0 30.423
1.236 0 30.4247
1.238 0 30.4262
1.238 0 30.4275
1.241 0 30.431
1.242 0 30.4323
1.242 0 30.4336
1.242 0 30.4354
1.246 0 30.4367
1.248 0 30.4403
1.250 0 30.4417
1.252 0 30.4443
1.255 0 30.4456
1.258 0 30.4511
1.259 0 30.4524
1.263 0 30.4538
1.263 0 30.4556
1.268 0 30.4569
1.268 0 30.4588
1.272 0 30.4602
1.274 0 30.4621
1.276 0 30.4634
1.279 0 30.4653
1.280 0 30.4667
1.284 0 30.4686
1.285 0 30.47
1.289 0 30.4714
1.290 0 30.4733
1.293 0 30.4747
1.293 0 30.4807
1.295 0 30.4827
1.297 0 30.4988
1.298 0 30.5002
1.301 0 30.5022
1.302 0 30.6168
1.302 0 30.6182
1.303 0 30.62
1.306 0 30.6214
1.306 0 30.6234
1.307 0 30.6252
1.308 0 30.6276
1.309 0 30.6292
1.310 0 30.6306
1.310 0 30.6324
1.311 0 30.6344
1.314 0 30.6362
1.315 0 30.6377
1.316 0 30.6392
1.316 0 30.6411
1.317 0 30.6431
1.319 0 30.6445
1.320 0 30.6464
1.321 0 30.6465
1.321 0 31.3211
1.321 0 31.3227
1.321 0 31.3246
1.322 0 31.9027
1.322 0 31.9048
1.323 0 31.9062
1.325 0 31.9081
1.325 0 32.0395
1.326 0 32.0411
1.327 0 32.0471
1.327 0 32.0492
1.328 0 32.0506
1.328 0 32.0525
1.330 0 32.4896
1.330 0 32.4915
1.331 0 32.4997
1.332 0 32.5012
1.332 0 32.5028
1.333 0 32.627
1.333 0 32.6288
1.333 0 32.6309
1.336 0 32.6324
1.336 0 32.6343
1.337 0 32.636
1.338 0 32.6374
1.338 0 32.6395
1.339 0 32.6455
1.339 0 32.6631
1.340 0 32.6646
1.341 0 32.6647
1.341 0 32.6666
1.342 0 32.6682
1.343 0 32.6697
1.343 0 32.6718
1.344 0 32.6746
1.344 0 32.6764
1.345 0 32.6779
1.346 0 32.6877
1.347 0 32.6896
1.348 0 32.6913
1.349 0 32.6928
1.349 0 32.6942
1.349 0 32.6964
1.350 0 32.6983
1.352 0 32.7003
1.353 0 32.7018
1.353 0 32.7035
1.354 0 32.7049
1.354 0 32.7071
1.356 0 32.7091
1.357 0 32.7106
1.357 0 32.7126
1.358 0 32.7143
1.359 0 32.7165
1.361 0 32.7184
1.362 0 32.72
1.363 0 32.722
1.364 0 32.7342
1.364 0 32.7359
1.365 0 32.7382
1.366 0 32.7397
1.366 0 32.7417
1.369 0 32.7434
1.370 0 32.745
1.370 0 32.764
1.370 0 32.7663
1.372 0 32.7683
1.373 0 32.7724
1.374 0 32.7741
1.375 0 32.7757
1.375 0 32.778
1.378 0 32.78
1.379 0 32.7815
1.379 0 32.7836
1.380 0 32.7854
1.381 0 32.7856
1.381 0 32.7879
1.381 0 32.8521
1.383 0 32.8536
1.383 0 32.8556
1.384 0 32.8578
1.385 0 32.8595
1.386 0 32.8619
1.387 0 32.8635
1.389 0 32.8655
1.389 0 32.8676
1.392 0 32.8692
1.392 0 32.8716
1.392 0 32.9273
1.394 0 32.9293
1.395 0 32.9315
1.396 0 32.9331
1.397 0 32.9355
1.399 0 32.9376
1.400 0 32.9392
1.400 0 32.9413
1.402 0 32.9438
1.404 0 32.9454
1.405 0 32.9475
1.406 0 32.9497
1.406 0 32.9658
1.409 0 32.9674
1.410 0 32.9685
1.410 0 32.9706
1.411 0 32.9724
1.411 0 32.9746
1.412 0 32.9838
1.413 0 32.9854
1.416 0 32.9876
1.416 0 32.9898
1.416 0 33.007
1.417 0 33.0086
1.418 0 33.0104
1.421 0 33.1111
1.421 0 33.1133
1.422 0 33.1149
1.422 0 33.1172
1.423 0 33.119
1.425 0 33.1202
1.426 0 33.1219
1.426 0 33.1241
1.427 0 33.1264
1.429 0 33.1282
1.430 0 33.1299
1.432 0 33.1321
1.432 0 33.1345
1.434 0 33.1362
1.434 0 33.138
1.438 0 33.1404
1.439 0 33.1487
1.439 0 33.1504
1.439 0 33.1523
1.439 0 33.1545
1.443 0 33.1562
1.443 0 33.1586
1.444 0 33.1713
1.445 0 33.1732
1.446 0 33.1755
1.447 0 33.1772
1.448 0 33.1796
1.451 0 33.1815
1.452 0 33.1832
1.452 0 33.1855
1.454 0 33.188
1.456 0 33.1897
1.457 0 33.1916
1.457 0 33.194
1.459 0 33.1964
1.460 0 33.1982
1.462 0 33.2001
1.464 0 33.2019
1.464 0 33.2042
1.465 0 33.2845
1.465 0 33.287
1.466 0 33.333
1.467 0 33.335
1.469 0 33.3368
1.469 0 33.3392
1.470 0 33.3417
1.473 0 33.3435
1.473 0 33.3455
1.474 0 33.3478
1.475 0 33.3504
1.477 0 33.3522
1.480 0 33.3546
1.481 0 33.3564
1.481 0 33.359
1.482 0 33.3682
1.485 0 33.3706
1.486 0 33.3724
1.486 0 33.375
1.487 0 33.3775
1.490 0 33.3793
1.491 0 33.3818
1.491 0 33.3844
1.493 0 33.3897
1.494 0 33.3916
1.496 0 33.3941
1.497 0 33.3967
1.499 0 33.3986
1.501 0 33.4011
1.502 0 33.4038
1.503 0 33.4057
1.504 0 34.3232
1.504 0 34.3767
1.505 0 34.3874
1.507 0 34.3881
1.507 0 34.39
1.507 0 34.3926
1.508 0 35.3806
1.508 0 35.4258
1.508 0 35.4706
1.508 0 35.4733
1.509 0 35.4747
1.511 0 35.4766
1.512 0 35.4792
1.513 0 35.482
1.514 0 35.4823
1.516 0 35.4842
1.517 0 35.4868
1.518 0 35.4871
1.518 0 35.4899
1.519 0 35.5065
1.520 0 35.5084
1.521 0 35.5099
1.523 0 35.5126
1.523 0 35.5242
1.524 0 35.5262
1.524 0 35.529
1.526 0 35.535
1.528 0 35.5369
1.528 0 35.5396
1.529 0 35.5424
1.529 0 35.5486
1.532 0 35.7121
1.532 0 35.7184
1.533 0 35.7203
1.534 0 35.7218
1.534 0 35.7245
1.534 0 35.7274
1.536 0 35.7338
1.537 0 35.7357
1.539 0 35.7484
1.540 0 35.7513
1.541 0 35.7533
1.543 0 35.756
1.545 0 35.759
1.546 0 35.7614
1.546 0 35.7634
1.548 0 35.7719
1.548 0 35.7725
1.548 0 35.774
1.549 0 35.7768
1.550 0 35.8044
1.550 0 35.8064
1.550 0 35.8094
1.553 0 35.8433
1.554 0 35.8453
1.555 0 35.8636
1.557 0 35.8642
1.558 0 35.8662
1.559 0 35.8668
1.559 0 35.8698
1.560 0 35.8755
1.562 0 35.877
1.563 0 35.8791
1.564 0 35.8821
1.566 0 35.885
1.566 0 35.9045
1.567 0 35.9066
1.570 0 35.9097
1.571 0 35.9118
1.571 0 35.9147
1.575 0 35.9168
1.575 0 35.9199
1.576 0 35.9215
1.576 0 35.9244
1.580 0 35.9265
1.582 0 35.9295
1.584 0 35.9317
1.587 0 35.9347
1.588 0 35.9368
1.590 0 35.9384
1.592 0 35.9414
1.592 0 36.0524
1.593 0 36.0545
1.594 0 36.0586
1.598 0 36.1304
1.600 0 36.1324
1.603 0 36.134
1.604 0 36.1605
1.607 0 36.1626
1.612 0 36.1647
1.616 0 36.1861
1.617 0 36.1876
1.619 0 36.1898
1.620 0 36.1922
1.626 0 36.1965
1.627 0 36.2369
1.632 0 36.2413
1.636 0 36.3117
1.638 0 36.3162
1.643 0 36.3208
1.649 0 36.3224
1.649 0 36.3271
1.655 0 36.3287
1.657 0 36.957
1.668 0 36.9647
1.680 0 36.9999
1.681 0 37.0016
1.684 0 37.0079
1.687 0 37.0144
1.691 0 37.0465
1.692 0 37.0532
1.694 0 37.1658
1.696 0 37.1726
1.699 0 37.1795
1.702 0 37.1939
1.706 0 37.401
1.708 0 37.4038
1.709 0 37.4044
1.710 0 37.4085
1.712 0 37.4091
1.714 0 37.4097
1.715 0 37.4217
1.716 0 37.4223
1.719 0 37.4239
1.728 0 37.7056
1.732 0 37.7073
1.746 0 37.7089
1.748 0 37.743
1.752 0 37.7623
1.760 0 37.764
1.776 0 37.7679
1.777 0 37.7696
1.791 0 37.7714
1.795 0 37.7815
1.797 0 37.7973
1.804 0 37.799
1.805 0 37.8062
1.810 0 37.8068
1.812 0 37.8074
1.818 0 37.8091
1.818 0 37.83
1.826 0 37.8311
1.832 0 37.8329
1.839 0 37.8335
1.843 0 37.8341
1.845 0 37.8347
1.847 0 37.8353
1.849 0 37.8359
1.852 0 37.8365
1.854 0 37.8373
1.854 0 37.8978
1.868 0 37.9002
1.873 0 37.9148
1.876 0 37.9172
1.880 0 37.9322
1.885 0 37.9347
1.887 0 37.9451
1.891 0 37.9476
1.892 0 38.0857
1.894 0 38.1317
1.896 0 38.1467
1.897 0 38.1492
1.903 0 38.1693
1.904 0 38.1719
1.907 0 38.1784
1.910 0 38.181
1.911 0 38.2082
1.916 0 38.2108
1.917 0 38.2408
1.917 0 38.5427
1.921 0 38.5453
1.921 0 38.6022
1.927 0 38.6099
1.927 0 38.6125
1.933 0 38.6152
1.934 0 38.6275
1.938 0 38.6288
1.938 0 38.6316
1.943 0 38.6989
1.944 0 38.7016
1.950 0 38.7044
1.955 0 38.7046
1.956 0 38.7075
1.958 0 39.0256
1.962 0 39.0284
1.963 0 39.0368
1.965 0 39.0541
1.967 0 39.057
1.969 0 39.0572
1.970 0 39.0608
1.978 0 39.106
1.983 0 39.1061
1.993 0 39.109
1.997 0 39.1091
1.999 0 39.1121
2.003 0 39.1135
2.004 0 39.1165
2.007 0 39.1214
2.010 0 39.1435
2.011 0 39.1436
2.022 0 39.2375
2.025 0 39.2425
2.025 0 39.2426
2.028 0 39.2486
2.036 0 39.2528
2.038 0 39.2738
2.039 0 39.2739
2.041 0 39.277
2.043 0 39.2812
2.049 0 39.3059
2.051 0 39.3096
2.054 0 39.3098
2.056 0 39.4343
2.057 0 39.4381
2.057 0 39.4925
2.059 0 39.5109
2.060 0 39.5295
2.060 0 39.54
2.061 0 39.5437
2.065 0 39.5476
2.066 0 39.5709
2.067 0 39.5767
2.070 0 39.5806
2.070 0 39.5809
2.076 0 39.5849
2.084 0 39.5852
2.090 0 39.5872
2.095 0 39.5893
2.098 0 39.5895
2.100 0 39.5916
2.105 0 39.6011
2.107 0 39.6033
2.112 0 39.6054
2.113 0 39.6057
2.116 0 39.6078
2.122 0 39.61
2.127 0 39.6122
2.127 0 39.6123
2.130 0 39.6755
2.131 0 39.6777
2.136 0 39.6799
2.140 0 39.6802
2.141 0 39.6825
2.143 0 39.737
2.145 0 39.7392
2.147 0 39.7992
2.151 0 39.8015
2.151 0 39.8184
2.154 0 39.8186
2.162 0 39.8195
2.167 0 39.8242
2.168 0 39.8242
2.171 0 39.8273
2.176 0 39.9977
2.177 0 40.0008
2.177 0 40.0013
2.183 0 40.0044
2.185 0 40.0047
2.188 0 40.0079
2.193 0 40.0366
2.193 0 40.0399
2.193 0 40.6937
2.196 0 40.6976
2.199 0 40.7009
2.201 0 40.7132
2.204 0 40.7255
2.204 0 40.7288
2.210 0 40.7321
2.211 0 40.7324
2.212 0 40.8158
2.215 0 40.8192
2.221 0 40.8226
2.225 0 40.8232
2.227 0 40.8267
2.229 0 40.8818
2.232 0 40.8853
2.239 0 40.8877
2.284 0 41.0173
2.293 0 41.0243
2.294 0 41.0425
2.294 0 41.0433
2.304 0 41.0447
2.305 0 41.0452
2.308 0 41.0459
2.316 0 41.0463
2.322 0 41.0543
2.329 0 41.0561
2.333 0 41.0585
2.347 0 41.0609
2.361 0 41.0634
2.363 0 41.0689
2.375 0 41.0714
2.379 0 41.0773
2.388 0 41.0798
2.390 0 41.0876
2.402 0 41.0902
2.404 0 41.091
2.415 0 41.1258
2.416 0 41.1284
2.430 0 41.131
2.440 0 41.1313
2.443 0 41.134
2.459 0 41.2333
2.460 0 41.2337
2.461 0 41.2409
2.463 0 41.2417
2.464 0 41.5686
2.466 0 41.5792
2.466 0 41.5865
2.469 0 41.5941
2.474 0 41.6281
2.476 0 41.668
2.514 0 41.7865
2.516 0 41.7945
2.516 0 41.797
2.523 0 41.7995
2.528 0 41.8005
2.540 0 41.8031
2.541 0 41.8215
2.544 0 41.829
2.545 0 41.8332
2.546 0 41.8357
2.547 0 41.8585
2.548 0 42.3757
2.551 0 42.3783
2.552 0 42.3808
2.555 0 43.3683
2.557 0 43.3709
2.559 0 43.3735
2.561 0 43.3919
2.562 0 43.3946
2.562 0 43.4542
2.566 0 43.4568
2.567 0 43.4622
2.569 0 43.7655
2.574 0 44.0357
2.578 0 44.0582
2.580 0 44.0637
2.583 0 44.0641
2.594 0 44.0698
2.598 0 44.0715
2.607 0 44.1318
2.608 0 44.1347
2.611 0 44.1745
2.612 0 44.1749
2.612 0 44.1862
2.614 0 44.198
2.618 0 44.2415
2.618 0 44.2538
2.620 0 44.2578
2.622 0 44.2582
2.622 0 44.2611
2.631 0 44.3803
2.636 0 44.3833
2.645 0 44.4195
2.649 0 44.42
2.649 0 44.423
2.662 0 44.43
2.663 0 44.4331
2.676 0 44.4494
2.677 0 44.4525
2.690 0 44.5452
2.691 0 44.5483
2.695 0 44.5504
2.697 0 44.5581
2.701 0 44.5602
2.705 0 44.5633
2.713 0 44.572
2.718 0 44.5751
2.727 0 44.5765
2.732 0 44.5797
2.757 0 44.6007
2.767 0 44.6608
2.767 0 44.7458
2.780 0 44.7598
2.785 0 44.818
2.803 0 44.8279
2.803 0 44.8301
2.820 0 44.8411
2.825 0 44.8599
2.849 0 44.861
2.850 0 44.8738
2.853 0 44.8871
2.855 0 44.9009
2.857 0 44.9154
2.859 0 44.9306
2.861 0 44.9464
2.863 0 44.9631
2.865 0 44.9805
2.868 0 44.9988
2.870 0 45.018
2.872 0 45.0382
2.884 0 45.0387
2.886 0 45.0396
2.887 0 45.0462
2.888 0 45.0471
2.890 0 45.048
2.892 0 45.0484
2.893 0 45.0506
2.897 0 45.0757
2.898 0 45.0762
2.899 0 45.0869
2.900 0 45.0873
2.901 0 45.092
2.902 0 45.0925
2.903 0 45.1034
2.907 0 45.1147
2.949 0 45.1178
2.963 0 45.1545
2.987 0 45.1951
3.015 0 45.2014
3.018 0 45.2133
3.022 0 45.2181
3.034 0 45.3039
3.043 0 45.3818
3.052 0 45.3839
3.068 0 45.3846
3.069 0 45.3929
3.073 0 45.4012
3.076 0 45.4076
3.076 0 45.4162
3.080 0 45.425
3.083 0 45.4339
3.086 0 45.4431
3.089 0 45.4524
3.089 0 45.504
3.093 0 45.5136
3.096 0 45.5234
3.099 0 46.0688
3.105 0 46.1234
3.107 0 46.1335
3.114 0 46.1339
3.114 0 46.1444
3.119 0 46.1444
3.121 0 46.1509
3.122 0 46.1633
3.123 0 46.1733
3.131 0 46.1765
3.132 0 46.1992
3.141 0 46.2025
3.144 0 46.2065
3.161 0 46.2157
3.186 0 46.2266
3.188 0 46.2287
3.203 0 46.2557
3.204 0 46.2563
3.206 0 46.3199
3.218 0 46.3213
3.254 0 46.3608
3.269 0 46.3618
3.275 0 46.4183
3.316 0 46.4191
3.335 0 47.0858
3.339 0 47.0891
3.349 0 47.1048
3.365 0 47.1053
3.368 0 47.1193
3.380 0 47.1202
3.382 0 47.1207
3.384 0 47.1211
3.387 0 47.1216
3.402 0 47.123
3.418 0 47.1234
3.439 0 47.1245
3.447 0 47.1246
3.462 0 47.1459
3.462 0 47.1461
3.465 0 47.1686
3.467 0 47.1924
3.469 0 47.2176
3.471 0 47.2289
3.471 0 47.2556
3.476 0 47.2673
3.478 0 47.2795
3.481 0 47.292
3.483 0 47.3051
3.484 0 47.3053
3.485 0 47.3189
3.487 0 47.333
3.489 0 47.3477
3.491 0 47.363
3.493 0 47.3789
3.498 0 47.3956
3.498 0 47.3957
3.500 0 47.4313
3.502 0 47.4331
3.509 0 47.4407
3.510 0 47.4507
3.513 0 47.461
3.517 0 47.4976
3.517 0 47.5081
3.520 0 47.5188
3.522 0 47.5189
3.535 0 47.519
3.550 0 47.5194
3.565 0 47.5197
3.580 0 47.5201
3.584 0 47.5265
3.595 0 47.5269
3.596 0 47.5806
3.610 0 47.5827
3.613 0 47.5924
3.622 0 47.6295
3.636 0 47.6295
3.653 0 47.6372
3.719 0 47.6564
3.755 0 47.6635
3.769 0 47.6794
3.772 0 47.696
3.776 0 47.7046
3.784 0 47.7809
3.794 0 48.3174
3.803 0 48.3722
3.819 0 48.4733
3.835 0 48.5004
3.838 0 48.5296
3.840 0 48.5498
3.856 0 48.5513
3.860 0 48.554
3.875 0 48.5548
3.881 0 48.5619
3.884 0 49.0727
3.884 0 49.0793
3.886 0 49.0865
3.892 0 49.1004
3.898 0 49.1071
3.900 0 49.1333
3.911 0 49.1402
3.912 0 49.2959
3.919 0 49.3021
3.925 0 49.3092
3.938 0 49.3132
3.939 0 49.3205
3.953 0 49.3243
3.966 0 49.328
3.974 0 49.3442
3.980 0 49.3481
3.980 0 49.3651
3.992 0 49.3832
3.994 0 49.3871
3.999 0 49.3997
4.004 0 49.4076
4.008 0 49.4116
4.014 0 49.4469
4.082 0 49.4738
4.122 0 49.4781
4.130 0 49.4802
4.131 0 49.4835
4.168 0 49.4913
4.200 0 49.5045
4.219 0 49.5097
4.232 0 49.5124
4.245 0 49.5151
4.262 0 49.5221
4.293 0 49.565
4.339 0 49.5865
4.351 0 49.6057
4.376 0 49.6265
4.383 0 49.6414
4.389 0 50.058
4.392 0 50.0737
4.394 0 50.6113
4.400 0 50.6279
4.409 0 50.6322
4.409 0 50.6843
4.411 0 50.6917
4.417 0 50.6961
4.425 0 50.7006
4.433 0 50.7051
4.438 0 50.7813
4.442 0 50.7858
4.449 0 50.7905
4.458 0 50.7952
4.463 0 50.7983
4.465 0 50.8031
4.473 0 50.808
4.481 0 50.8129
4.481 0 50.813
4.491 0 50.818
4.506 0 50.8307
4.519 0 50.8384
4.524 0 50.8463
4.526 0 50.8469
4.579 0 50.8566
4.585 0 50.8593
4.588 0 50.8617
4.598 0 50.8644
4.611 0 50.8671
4.624 0 50.8699
4.632 0 50.8809
4.636 0 50.8922
4.658 0 51.3995
4.659 0 51.4199
4.675 0 51.4226
4.711 0 51.447
4.739 0 51.4572
4.744 0 51.4597
4.744 0 51.4702
4.749 0 51.4727
4.753 0 51.4752
4.810 0 51.4798
4.811 0 51.4811
4.882 0 51.5171
4.912 0 51.5253
4.914 0 51.5337
4.917 0 51.5425
4.919 0 51.5516
4.921 0 51.561
4.925 0 51.5707
4.934 0 51.5808
4.936 0 51.5913
4.938 0 51.6022
4.941 0 51.6135
4.970 0 51.6251
4.979 0 52.4337
5.025 0 52.4595
5.026 0 52.4698
5.031 0 52.4803
5.036 0 52.4882
5.056 0 52.6028
5.096 0 52.6083
5.111 0 52.6367
5.113 0 52.6669
5.139 0 52.6697
5.148 0 52.6724
5.155 0 52.7007
5.225 0 52.7209
5.232 0 52.7301
5.239 0 52.7364
5.247 0 52.7397
5.249 0 52.7639
5.255 0 52.7672
5.265 0 52.7738
5.273 0 52.7772
5.280 0 52.7807
5.288 0 52.7815
5.288 0 52.785
5.294 0 52.7886
5.295 0 52.7894
5.300 0 52.793
5.319 0 52.8053
5.331 0 52.8065
5.338 0 52.8077
5.402 0 52.8101
5.430 0 52.8879
5.492 0 52.8915
5.501 0 52.8952
5.508 0 52.8989
5.514 0 52.9027
5.521 0 52.9065
5.527 0 52.9104
5.536 0 52.9144
5.542 0 52.9184
5.549 0 52.9225
5.555 0 52.9266
5.561 0 52.9308
5.579 0 52.9346
5.604 0 52.9418
5.609 0 52.9493
5.648 0 53.235
5.689 0 53.2498
5.735 0 53.2553
5.744 0 53.263
5.748 0 53.2701
5.795 0 53.2902
5.813 0 53.2915
5.821 0 53.3388
5.823 0 53.3826
5.885 0 53.5264
5.936 0 53.5773
5.949 0 53.5796
5.967 0 53.9358
6.015 0 53.9476
6.039 0 54.0488
6.044 0 54.049
6.069 0 54.0492
6.093 0 54.0495
6.117 0 54.0497
6.141 0 54.0499
6.164 0 54.0502
6.171 0 54.0595
6.188 0 54.0598
6.202 0 54.0631
6.204 0 54.1661
6.211 0 54.1663
6.214 0 54.1893
6.231 0 54.1928
6.235 0 54.193
6.243 0 54.2052
6.250 0 54.218
6.253 0 54.2313
6.255 0 54.2452
6.256 0 54.2556
6.257 0 54.2701
6.258 0 54.2703
6.267 0 54.2789
6.282 0 54.2791
6.305 0 54.2794
6.309 0 54.4126
6.318 0 54.6285
6.329 0 54.6287
6.345 0 54.7528
6.352 0 54.753
6.361 0 54.7532
6.376 0 54.7534
6.400 0 54.7537
6.425 0 54.7539
6.448 0 54.7541
6.472 0 54.7544
6.472 0 54.7548
6.475 0 54.7645
6.475 0 54.7656
6.495 0 54.7659
6.503 0 54.7663
6.505 0 54.7663
6.510 0 54.7672
6.519 0 54.7675
6.522 0 54.7679
6.542 0 54.7681
6.570 0 54.8106
6.635 0 54.933
6.647 0 54.969
6.707 0 55.08
6.728 0 55.0804
6.780 0 55.2569
6.825 0 55.27
6.831 0 55.2736
6.837 0 55.2739
6.856 0 55.2909
6.875 0 55.3043
6.876 0 55.3045
6.880 0 55.3268
6.903 0 55.327
6.929 0 55.3272
6.933 0 55.3534
6.953 0 55.3536
6.978 0 55.3539
7.002 0 55.3541
7.007 0 55.3705
7.014 0 55.3879
7.021 0 55.4063
7.026 0 55.4066
7.027 0 55.4163
7.034 0 55.4262
7.040 0 55.4366
7.047 0 55.4418
7.050 0 55.4421
7.053 0 55.4475
7.059 0 55.4475
7.059 0 55.453
7.066 0 55.4585
7.072 0 55.4642
7.076 0 55.4644
7.079 0 55.4702
7.079 0 55.4853
7.086 0 55.5006
7.086 0 55.5065
7.101 0 55.5067
7.120 0 55.5195
7.125 0 55.5197
7.128 0 55.5329
7.150 0 55.5331
7.159 0 55.5614
7.172 0 55.5642
7.173 0 55.595
7.174 0 55.5953
7.198 0 55.5955
7.213 0 55.5991
7.222 0 55.5994
7.223 0 55.6031
7.223 0 55.6189
7.225 0 55.6355
7.227 0 55.653
7.230 0 55.6712
7.231 0 55.675
7.240 0 55.6788
7.246 0 55.6858
7.247 0 55.6861
7.248 0 55.6899
7.258 0 55.6938
7.267 0 55.6977
7.271 0 55.698
7.275 0 55.702
7.284 0 55.7061
7.292 0 55.7102
7.296 0 55.7104
7.301 0 55.7146
7.309 0 55.7189
7.320 0 55.7191
7.321 0 55.73
7.345 0 55.7302
7.369 0 55.7304
7.377 0 55.736
7.394 0 55.7363
7.408 0 55.747
7.419 0 55.7473
7.443 0 55.7475
7.469 0 55.7478
7.493 0 55.7482
7.521 0 55.7503
7.564 0 55.7693
7.566 0 55.7893
7.574 0 55.7936
7.581 0 55.7957
7.584 0 55.8001
7.593 0 55.8046
7.601 0 55.8091
7.610 0 55.8136
7.618 0 55.8183
7.638 0 55.826
7.639 0 56.0749
7.645 0 56.133
7.654 0 56.1344
7.661 0 56.1455
7.690 0 56.1468
7.692 0 56.148
7.708 0 56.2316
7.737 0 56.2475
7.746 0 56.2517
7.761 0 56.2572
7.840 0 56.2664
7.927 0 56.2689
7.937 0 56.2689
8.020 0 56.2719
8.038 0 56.2745
8.077 0 56.3068
8.109 0 56.3111
8.118 0 56.3876
8.165 0 56.394
8.203 0 56.4276
8.220 0 56.4292
8.257 0 56.4328
8.293 0 56.4438
8.355 0 56.4461
8.369 0 56.4466
8.381 0 56.4635
8.414 0 56.4698
8.418 0 56.4703
8.449 0 56.4707
8.465 0 56.8894
8.479 0 56.8899
8.508 0 56.8904
8.520 0 56.8935
8.537 0 56.894
8.549 0 57.7605
8.565 0 57.761
8.576 0 57.7629
8.593 0 57.7666
8.594 0 57.7671
8.594 0 57.7789
8.598 0 57.7861
8.599 0 57.7913
8.599 0 57.7933
8.623 0 57.7938
8.626 0 57.799
8.651 0 57.7995
8.659 0 58.373
8.674 0 58.4188
8.680 0 58.4193
8.709 0 58.4198
8.718 0 58.4355
8.735 0 58.4369
8.738 0 58.4374
8.763 0 58.4406
8.766 0 58.4411
8.791 0 58.9411
8.791 0 59.1911
8.796 0 59.1916
8.825 0 59.1921
8.835 0 59.2289
8.854 0 59.2294
8.857 0 59.2335
8.882 0 59.234
8.894 0 59.2745
8.910 0 59.2878
8.916 0 59.2962
8.927 0 59.3069
9.011 0 59.3142
9.033 0 59.3176
9.116 0 59.3244
9.225 0 60.1359
9.227 0 60.1395
9.241 0 60.1429
9.264 0 60.1487
9.317 0 60.1599
9.323 0 60.1657
9.343 0 60.1772
9.352 0 60.1891
9.370 0 60.19
9.420 0 60.2147
9.428 0 60.2206
9.433 0 60.2611
9.447 0 60.2638
9.473 0 60.2681
9.490 0 60.2898
9.544 0 60.2911
9.583 0 60.3103
9.589 0 60.3305
9.683 0 60.3358
9.687 0 60.364
9.774 0 60.3697
9.826 0 60.3707
9.856 0 60.3716
9.862 0 60.3925
9.864 0 60.4145
9.867 0 60.4375
9.875 0 60.4618
9.879 0 60.4628
9.879 0 60.4884
9.881 0 60.5154
9.900 0 60.5163
9.920 0 60.5173
9.940 0 60.5182
9.962 0 60.5192
9.980 0 60.6093
9.982 0 60.6102
10.002 0 60.6112
10.009 0 60.6226
10.022 0 60.6235
10.034 0 60.6683
10.037 0 60.6736
10.044 0 60.6745
10.063 0 60.6755
10.084 0 60.6764
10.103 0 60.6774
10.123 0 60.6784
10.142 0 60.6793
10.162 0 60.6803
10.183 0 60.6813
10.204 0 60.6822
10.224 0 60.6832
10.244 0 60.6842
10.262 0 60.6965
10.263 0 60.6975
10.263 0 60.6984
10.276 0 60.7311
10.322 0 60.7344
10.438 0 60.7378
10.547 0 60.7466
10.567 0 60.7511
10.576 0 60.7557
10.583 0 60.7604
10.591 0 60.7651
10.598 0 60.7699
10.606 0 60.7748
10.613 0 60.7797
10.620 0 60.7847
10.628 0 60.7899
10.635 0 60.7951
10.644 0 60.8003
10.648 0 60.8029
10.651 0 60.8082
10.659 0 60.8137
10.796 0 60.8336
10.806 0 60.9285
10.834 0 60.9433
10.853 0 60.9502
10.871 0 60.9624
10.871 0 60.9697
10.897 0 60.9702
10.920 0 60.973
10.935 0 60.9735
10.961 0 60.9813
10.967 0 60.9818
10.967 0 60.9913
10.997 0 60.9918
11.026 0 60.9923
11.037 0 61.0148
11.055 0 61.0153
11.084 0 61.0158
11.084 0 61.0217
11.095 0 61.0714
11.104 0 61.0811
11.113 0 61.0816
11.141 0 61.0821
11.152 0 61.0899
11.170 0 61.0904
11.199 0 61.0909
11.203 0 61.0961
11.228 0 61.0966
11.255 0 61.1077
11.256 0 61.1082
11.286 0 61.1087
11.315 0 61.1092
11.328 0 61.1134
11.344 0 61.1139
11.348 0 61.1412
11.372 0 61.1417
11.401 0 61.1422
11.415 0 61.1597
11.418 0 61.1699
11.430 0 61.1704
11.437 0 61.1749
11.459 0 61.1754
11.488 0 61.1759
11.488 0 61.2035
11.493 0 61.2443
11.496 0 61.2587
11.503 0 61.2737
11.513 0 61.2919
11.516 0 61.2924
11.521 0 61.2964
11.544 0 61.309
11.546 0 61.3095
11.548 0 61.3143
11.561 0 61.3208
11.575 0 61.3213
11.578 0 61.328
11.596 0 61.3347
11.604 0 61.3352
11.613 0 61.3421
11.623 0 61.3455
11.630 0 61.3525
11.633 0 61.353
11.647 0 61.3602
11.659 0 61.3653
11.661 0 61.3725
11.662 0 61.3731
11.677 0 61.3805
11.691 0 61.381
11.694 0 61.3886
11.712 0 61.3963
11.720 0 61.3968
11.726 0 61.4047
11.740 0 61.4127
11.748 0 61.4133
11.750 0 61.4141
11.754 0 61.4223
11.758 0 61.4243
11.771 0 61.4327
11.773 0 61.4381
11.777 0 61.4386
11.784 0 61.4472
11.801 0 61.4559
11.807 0 61.4565
11.809 0 61.4654
11.812 0 61.4685
11.815 0 61.4774
11.821 0 61.4778
11.829 0 61.4869
11.834 0 61.4918
11.836 0 61.4923
11.844 0 61.4925
11.864 0 61.4931
11.878 0 61.4932
11.893 0 61.4937
11.899 0 61.5038
11.922 0 61.5043
11.924 0 61.5044
11.950 0 61.5046
11.951 0 61.5051
11.972 0 61.5053
11.979 0 61.5058
12.008 0 61.5063
12.031 0 61.513
12.037 0 61.5135
12.066 0 61.514
12.094 0 61.5146
12.123 0 61.5151
12.149 0 61.5198
12.152 0 61.5204
12.181 0 61.5209
12.204 0 61.558
12.209 0 61.5585
12.238 0 61.559
12.267 0 61.5596
12.267 0 61.5646
12.290 0 61.5662
12.290 0 61.5986
12.296 0 61.5991
12.325 0 61.5997
12.339 0 61.6127
12.354 0 61.6132
12.354 0 61.6201
12.362 0 61.6273
12.365 0 61.7251
12.368 0 61.7324
12.384 0 61.733
12.390 0 61.7411
12.406 0 61.7545
12.414 0 61.755
12.443 0 61.7555
12.473 0 61.7561
12.484 0 61.7589
12.503 0 61.7594
12.508 0 61.7682
12.517 0 61.7811
12.533 0 61.7817
12.563 0 61.7822
12.592 0 61.7828
12.621 0 61.7891
12.622 0 61.7897
12.652 0 61.7902
12.682 0 61.7907
12.736 0 61.7975
12.741 0 61.7986
12.771 0 61.7989
12.801 0 61.7992
12.831 0 61.7994
12.849 0 61.8067
12.861 0 61.8069
12.874 0 61.8305
12.891 0 61.8308
12.920 0 61.831
12.951 0 61.8313
12.966 0 61.8825
12.968 0 61.8863
12.981 0 61.8865
13.011 0 61.8868
13.040 0 61.8871
13.070 0 61.8874
13.084 0 61.8913
13.100 0 61.8916
13.115 0 61.9969
13.123 0 62.0078
13.130 0 62.008
13.157 0 62.0434
13.160 0 62.0437
13.189 0 62.044
13.198 0 62.048
13.219 0 62.0483
13.249 0 62.0486
13.279 0 62.0489
13.309 0 62.0492
13.316 0 62.0534
13.346 0 62.0536
13.376 0 62.0539
13.405 0 62.0542
13.432 0 62.0586
13.435 0 62.0589
13.465 0 62.0591
13.493 0 62.0743
13.495 0 62.0746
13.525 0 62.0749
13.544 0 62.0794
13.554 0 62.0797
13.584 0 62.08
13.591 0 62.0925
13.614 0 62.0928
13.645 0 62.093
13.660 0 62.0978
13.666 0 62.1133
13.675 0 62.1135
13.704 0 62.1138
13.710 0 62.1629
13.718 0 62.1752
13.735 0 62.1754
13.778 0 62.1757
13.778 0 62.1806
13.809 0 62.1809
13.839 0 62.1812
13.845 0 62.2062
13.847 0 62.2084
13.870 0 62.2087
13.877 0 62.2944
13.880 0 62.2955
13.893 0 62.3006
13.901 0 62.3009
13.932 0 62.3012
13.959 0 62.3322
13.960 0 62.3372
13.963 0 62.3375
13.994 0 62.3378
14.005 0 62.3388
14.009 0 62.3496
14.067 0 62.3852
14.129 0 62.3863
14.141 0 62.3911
14.223 0 62.4265
14.241 0 62.4323
14.257 0 62.4333
14.267 0 62.4335
14.298 0 62.4337
14.332 0 62.439
14.358 0 62.4444
14.358 0 62.4504
14.371 0 62.4542
14.380 0 62.4553
14.409 0 62.512
14.445 0 62.5218
14.473 0 62.5346
14.477 0 62.556
14.479 0 62.5785
14.482 0 62.6023
14.484 0 62.6275
14.489 0 62.6543
14.494 0 62.6615
14.504 0 62.6626
14.627 0 62.6637
14.655 0 62.6778
14.668 0 62.7057
14.750 0 62.7068
14.763 0 62.7572
14.768 0 62.7647
14.777 0 62.7761
14.874 0 62.7772
14.885 0 62.7851
14.923 0 62.8407
14.957 0 62.8409
14.998 0 62.842
15.001 0 62.8503
15.028 0 62.8559
15.043 0 62.8688
15.117 0 62.8776
15.121 0 62.8787
15.144 0 62.8923
15.152 0 62.8969
15.160 0 62.9017
15.167 0 62.9065
15.214 0 62.9349
15.238 0 62.9441
15.245 0 62.9453
15.370 0 62.9464
15.395 0 62.9473
15.438 0 62.9571
15.494 0 62.9583
15.555 0 62.9686
15.617 0 62.9698
15.666 0 62.9807
15.684 0 62.9809
15.739 0 62.9821
15.779 0 62.9937
15.789 0 63.0152
15.862 0 63.0164
15.890 0 63.0287
15.985 0 63.0299
16.001 0 63.043
16.108 0 63.0443
16.115 0 63.0582
16.226 0 63.0732
16.232 0 63.0744
16.233 0 63.0824
16.340 0 63.0984
16.355 0 63.0997
16.361 0 63.1044
16.452 0 63.1193
16.461 0 63.1365
16.469 0 63.1366
16.479 0 63.1379
16.602 0 63.1392
16.627 0 63.1777
16.719 0 63.2326
16.726 0 63.2339
16.744 0 63.2791
16.833 0 63.2861
16.849 0 63.2874
16.854 0 63.3131
16.937 0 63.3197
16.955 0 63.3247
16.969 0 63.3528
16.972 0 63.3541
17.025 0 63.3717
17.080 0 63.4026
17.095 0 63.404
17.098 0 63.4089
17.122 0 63.4568
17.154 0.666667 63.4568
17.170 0.666667 63.4649
17.171 0.666667 63.4936
17.193 0.666667 63.5279
17.219 0.666667 63.5292
17.304 0.666667 63.5672
17.344 0.666667 63.5686
17.381 0.666667 63.5756
17.417 0.666667 63.6181
17.437 0.666667 63.6181
17.467 0.666667 63.6194
17.471 0.666667 63.6287
17.502 0.666667 63.6383
17.519 0.666667 63.648
17.536 0.666667 63.658
17.565 0.666667 63.7058
17.590 0.666667 63.7071
17.678 0.666667 63.7613
17.714 0.666667 63.7627
17.793 0.666667 63.8246
17.825 0.666667 63.8417
17.837 0.666667 63.8431
17.894 0.666667 63.8431
17.976 0.666667 63.8445
18.040 0.666667 63.885
18.101 0.666667 63.8864
18.130 0.666667 64.0577
18.150 0.666667 64.1192
18.227 0.666667 64.1207
18.239 0.666667 64.1509
18.243 0.666667 64.1832
18.297 0.666667 64.2094
18.308 0.666667 64.2208
18.310 0.666667 64.2259
18.318 0.666667 64.2311
18.327 0.666667 64.2364
18.335 0.666667 64.2418
18.343 0.666667 64.2585
18.351 0.666667 64.2585
18.351 0.666667 64.276
18.352 0.666667 64.2775
18.369 0.666667 64.2952
18.400 0.666667 64.3666
18.479 0.666667 64.3681
18.604 0.666667 64.3696
18.662 0.666667 64.385
18.690 1.58974 64.385
18.691 1.58974 64.3912
18.729 1.58974 64.3927
18.774 1.58974 64.4003
18.780 1.58974 64.4323
18.807 1.58974 64.4323
18.827 1.58974 64.4377
18.854 1.58974 64.4392
18.979 1.58974 64.4443
18.981 1.58974 64.4458
19.107 1.58974 64.4474
19.232 1.58974 64.449
19.268 1.58974 64.449
19.271 1.58974 64.6132
19.294 1.58974 64.6178
19.352 1.58974 64.6294
19.357 1.58974 64.631
19.366 1.58974 64.6311
19.481 1.58974 64.6327
19.571 1.58974 64.6385
19.605 1.58974 64.7098
19.605 1.58974 64.7114
19.709 1.58974 64.7351
19.716 1.58974 64.7386
19.728 1.58974 64.7386
19.733 1.58974 64.7402
19.777 1.58974 64.7544
19.842 1.58974 64.9916
19.859 1.58974 64.9933
19.885 1.58974 64.9937
19.925 1.58974 65.0329
19.984 1.58974 65.0346
20.063 1.58974 65.0358
20.198 1.58974 65.0358
20.436 1.58974 65.0519
20.439 1.58974 65.0522
20.443 1.58974 65.065
20.474 1.58974 65.0667
20.515 1.58974 65.0734
20.606 1.58974 65.0752
20.687 1.58974 65.0752
20.736 1.58974 65.0769
20.856 1.58974 65.1346
20.866 1.58974 65.1363
20.901 1.58974 65.1639
20.915 1.58974 65.1641
20.996 1.58974 65.1659
21.127 1.58974 65.1784
21.128 1.58974 65.1802
21.253 1.58974 65.1991
21.260 1.58974 65.201
21.343 1.58974 65.2012
21.390 1.58974 65.203
21.410 1.58974 65.3045
21.521 1.58974 65.3063
21.558 1.58974 65.3108
21.563 1.58974 65.3109
21.606 1.58974 65.3283
21.735 1.58974 65.3335
21.808 1.58974 65.3363
21.954 1.58974 65.3415
21.981 1.58974 65.3848
22.009 1.58974 65.3904
22.155 1.58974 65.695
22.233 1.58974 65.7157
22.302 1.58974 65.7355
22.404 1.58974 65.7469
22.414 1.58974 65.7528
22.421 1.58974 65.7587
22.422 1.58974 65.8275
22.429 1.58974 65.8335
22.455 1.58974 65.8565
22.487 1.58974 65.8684
22.653 1.58974 65.8716
22.875 1.58974 65.8717
22.894 1.58974 65.8883
22.897 1.58974 65.8884
23.015 1.58974 65.9148
23.043 1.58974 65.9433
23.447 1.58974 65.9605
23.475 1.58974 65.9752
23.480 1.58974 65.988
23.503 1.58974 65.9893
23.536 1.58974 65.9913
23.624 1.58974 66.036
23.651 1.58974 66.0858
23.853 1.58974 66.1091
24.063 1.58974 66.1115
24.112 1.58974 66.1312
24.654 1.58974 66.4299
24.677 1.58974 66.4627
24.680 1.58974 66.4747
24.769 1.58974 66.4766
24.913 1.58974 66.4771
24.925 1.58974 66.479
25.060 1.58974 66.54
25.082 1.58974 66.542
25.182 1.58974 66.5605
25.240 1.58974 66.5625
25.395 1.58974 66.5645
25.458 1.58974 66.8748
25.552 1.58974 66.8768
25.554 1.58974 66.8977
25.668 1.58974 66.9105
25.705 1.58974 66.9126
25.730 1.58974 66.9249
25.733 1.58974 66.9376
25.736 1.58974 66.9506
25.859 1.58974 66.9527
26.015 1.58974 66.9548
26.168 1.58974 66.9569
26.282 1.58974 66.9604
26.322 1.58974 66.9626
26.446 1.58974 66.9636
26.475 1.58974 66.9658
26.478 1.58974 67.0112
26.488 1.58974 67.0133
26.626 1.58974 67.0547
26.632 1.58974 67.0569
26.690 1.58974 67.058
26.765 1.58974 67.0978
26.788 1.58974 67.1
26.849 1.58974 67.1179
26.866 1.58974 67.1364
26.880 1.58974 67.1546
26.893 1.58974 67.1625
26.917 1.58974 67.1747
26.941 1.58974 67.1769
27.094 1.58974 67.1792
27.169 1.58974 67.1798
27.246 1.58974 67.2116
27.252 1.58974 67.2407
27.268 1.58974 67.243
27.378 1.58974 67.25
27.398 1.58974 67.2564
27.405 1.58974 67.3119
27.415 1.58974 67.3209
27.426 1.58974 67.3233
27.451 1.58974 67.3386
27.580 1.58974 67.3409
27.735 1.58974 67.3433
27.886 1.58974 67.3457
28.043 1.58974 67.3482
28.080 1.58974 67.4029
28.167 1.58974 67.4051
28.195 1.58974 67.4076
28.256 1.58974 67.4105
28.349 1.58974 67.413
28.445 1.58974 67.435
28.504 1.58974 67.4376
28.549 1.58974 67.477
28.560 1.58974 67.4878
28.569 1.58974 67.4879
28.588 1.58974 67.5011
28.656 1.58974 67.5037
28.809 1.58974 67.5063
28.855 1.58974 67.5152
28.881 1.58974 67.5386
28.930 1.58974 67.5406
28.948 1.58974 67.5537
28.964 1.58974 67.5563
29.119 1.58974 67.559
29.180 1.58974 67.5722
29.274 1.58974 67.5749
29.426 1.58974 67.5777
29.444 1.58974 67.5778
29.592 1.58974 67.5806
29.677 1.58974 67.6102
29.695 1.58974 67.6145
29.749 1.58974 67.6174
29.825 1.58974 67.622
29.905 1.58974 67.625
29.962 1.58974 67.6604
30.057 1.58974 67.6633
30.177 1.58974 67.6767
30.211 1.58974 67.6797
30.235 1.58974 67.6807
30.365 1.58974 67.6838
30.519 1.58974 67.6868
30.675 1.58974 67.69
30.766 1.58974 67.7059
30.829 1.58974 67.709
31.011 1.58974 67.7123
31.140 1.58974 67.7129
31.165 1.58974 67.7162
31.276 1.58974 67.762
31.290 1.58974 67.8592
31.321 1.58974 67.8625
31.332 1.58974 67.8758
31.435 1.58974 67.8925
31.440 1.58974 67.9619
31.450 1.58974 68.1923
31.474 1.58974 68.1957
31.567 1.58974 68.2082
31.633 1.58974 68.2116
31.789 1.58974 68.2151
31.877 1.58974 68.2715
31.943 1.58974 68.275
32.101 1.58974 68.2787
32.258 1.58974 68.2823
32.285 1.58974 68.3172
32.306 1.58974 68.4064
32.417 1.58974 68.4102
32.458 1.58974 68.4163
32.478 1.58974 68.456
32.573 1.58974 68.4598
32.730 1.58974 68.4636
32.875 1.58974 68.4927
32.886 1.58974 68.4966
32.943 1.58974 68.505
32.969 1.58974 68.5359
33.047 1.58974 68.5399
33.187 1.58974 68.5536
33.203 1.58974 68.5577
33.253 2.58972 68.5577
33.361 2.58972 68.5618
33.516 2.58972 68.566
33.552 2.58972 68.6637
33.671 2.58972 68.668
33.826 2.58972 68.6723
33.984 2.58972 68.6767
34.128 2.58972 68.7672
34.145 2.58972 68.7718
34.300 2.58972 68.7763
34.335 2.58972 68.7766
34.354 2.58972 68.7767
34.374 2.58972 68.7773
34.421 2.58972 68.7876
34.454 2.58972 68.7923
34.611 2.58972 68.797
34.627 2.58972 68.7993
34.767 2.58972 68.8041
34.924 2.58972 68.8091
35.080 2.58972 68.8141
35.237 2.58972 68.8192
35.325 2.58972 68.8332
35.393 2.58972 68.8385
35.473 2.58972 68.8523
35.479 2.58972 68.8666
35.548 2.58972 68.8719
35.584 2.58972 68.9418
35.704 2.58972 68.9473
35.859 2.58972 68.9528
36.014 2.58972 68.9585
36.173 2.58972 68.9643
36.324 2.58972 69.0101
36.330 2.58972 69.0161
36.489 2.58972 69.0221
36.567 2.58972 69.0222
36.622 2.58972 69.061
36.643 2.58972 69.0672
36.671 2.58972 69.0928
36.687 2.58972 69.2118
36.688 2.58972 69.2285
36.763 2.58972 69.3951
36.799 2.58972 69.4014
36.815 2.58972 69.4037
36.818 2.58972 69.4037
36.934 2.58972 69.4037
36.953 2.58972 69.4101
37.046 2.58972 69.4101
37.112 2.58972 69.4167
37.160 2.58972 69.4167
37.201 2.58972 69.4311
37.267 2.58972 69.4379
37.311 2.58972 69.4559
37.425 2.58972 69.4627
37.525 2.58972 69.471
37.583 2.58972 69.478
37.688 2.58972 69.4781
37.738 2.58972 69.4853
37.825 2.58972 69.6966
37.875 2.58972 69.7013
37.892 2.58972 69.7087
38.202 2.58972 69.7239
38.358 2.58972 69.7318
38.461 2.58972 69.7494
38.516 2.58972 69.7575
38.630 2.58972 69.7882
38.672 2.58972 69.7965
38.831 2.58972 69.805
38.988 2.58972 69.8137
39.147 2.58972 69.8226
39.180 2.58972 69.8389
39.244 2.58972 69.8442
39.252 2.58972 69.8452
39.303 2.58972 69.8544
39.461 2.58972 69.8638
39.565 2.58972 69.8803
39.618 2.58972 69.8899
39.774 2.58972 69.8998
40.229 2.58972 69.8999
40.247 2.58972 69.9
40.257 2.58972 69.9005
40.292 2.58972 69.9151
40.486 2.58972 69.9151
40.561 2.58972 69.9151
40.568 2.58972 69.9151
40.598 2.58972 69.9166
40.606 2.58972 69.9225
40.637 2.58972 69.9225
40.666 2.58972 69.9401
40.675 2.58972 69.9461
40.683 2.58972 69.9523
40.692 2.58972 69.9585
40.695 2.58972 70.0141
40.700 2.58972 70.027
40.709 2.58972 70.0404
40.709 2.58972 70.0404
40.716 2.58972 70.0543
40.845 2.58972 70.0543
40.981 2.58972 70.0543
40.998 2.58972 70.0543
41.116 2.58972 70.0543
41.190 2.58972 70.059
41.256 2.58972 70.059
41.396 2.58972 70.059
41.494 2.58972 70.0737
41.536 2.58972 70.0737
41.673 2.58972 70.0737
41.812 2.58972 70.0737
42.051 2.58972 70.074
42.516 3.57086 70.074
42.728 3.57086 70.074
42.857 3.57086 70.0881
43.032 4.51203 70.0881
43.042 4.51203 70.094
43.359 4.51203 70.1452
43.548 4.51203 70.157
43.799 4.51203 70.2018
43.995 4.51203 70.2307
44.003 4.51203 70.2619
44.009 4.51203 70.2785
44.021 4.51203 70.3176
44.348 4.51203 70.3176
44.365 4.51203 70.324
45.287 4.51203 70.3421
45.845 4.51203 70.3422
45.865 4.51203 70.3423
45.879 4.51203 70.3424
45.907 4.51203 70.343
45.964 4.51203 70.3432
45.998 5.4987 70.3432
46.083 5.4987 70.3954
46.336 5.4987 70.424
46.533 5.4987 70.4574
46.918 5.4987 70.4628
46.920 5.4987 70.494
46.931 5.4987 70.4994
46.968 5.4987 70.5115
47.195 5.4987 70.5125
47.369 5.4987 70.513
47.390 5.4987 70.5478
47.391 5.4987 70.5482
47.640 5.4987 70.5815
48.451 5.4987 70.5888
48.458 5.4987 70.5889
48.591 6.43988 70.5889
48.802 6.43988 70.6344
49.125 6.43988 70.6366
49.279 6.43988 70.687
49.387 6.43988 70.6884
49.500 6.43988 70.696
49.696 6.43988 70.7063
50.009 6.43988 70.7105
50.094 6.43988 70.7105
50.184 6.43988 70.7265
50.433 6.43988 70.7438
50.455 6.43988 70.7807
50.466 6.43988 70.805
50.468 6.43988 70.8061
50.507 6.43988 70.82
50.700 6.43988 70.8309
50.813 6.43988 70.8309
50.876 6.43988 70.8565
50.999 6.43988 70.8712
51.052 6.43988 70.8714
51.165 6.43988 70.8987
51.298 6.43988 70.9121
51.501 6.43988 71.0371
51.667 6.43988 71.0393
52.031 6.43988 71.0493
53.267 6.43988 71.0639
53.826 6.43988 71.0646
54.592 6.43988 71.0646
54.625 6.43988 71.1183
54.833 6.43988 71.1517
55.177 6.43988 71.2168
55.350 6.43988 71.2937
55.516 6.43988 71.2949
55.540 6.43988 71.3034
55.667 6.43988 71.3045
55.717 6.43988 71.3081
55.998 6.43988 71.3081
55.999 6.43988 71.3104
56.017 6.43988 71.3124
56.029 6.43988 71.3126
56.096 6.43988 71.3228
56.295 6.43988 71.3229
56.902 6.43988 71.3252
56.913 6.43988 71.4145
57.118 6.43988 71.4271
57.118 6.43988 71.4319
57.245 6.43988 71.4319
57.311 6.43988 71.4321
57.385 6.43988 71.4322
57.452 6.43988 71.4325
57.750 6.43988 71.4371
58.171 6.43988 71.4425
58.251 6.43988 71.4575
58.360 6.43988 71.461
59.238 6.43988 71.4662
59.331 6.43988 71.7519
59.678 6.43988 71.7528
59.821 6.43988 71.7599
59.848 6.43988 71.7672
60.149 6.43988 71.7673
60.168 6.43988 71.7674
60.179 6.43988 71.7677
60.642 6.43988 71.7683
61.700 6.43988 71.7709
61.917 6.43988 71.7711
62.949 6.43988 71.9026
