0 0
0.050259 0
0.050259 1
0.050383 1
0.050383 2
0.050400 2
0.050400 3
0.050407 3
0.050407 4
0.050447 4
0.050447 5
0.050513 5
0.050513 6
0.050571 6
0.050571 7
0.060609 7
0.060609 8
0.101232 8
0.101232 9
0.161321 9
0.161321 10
0.352956 10
0.352956 11
0.443693 11
0.443693 12
0.504483 12
0.504483 13
0.746694 13
0.746694 14
0.846459 14
0.846459 15
0.937834 15
0.937834 16
0.939034 16
0.939034 17
0.979242 17
0.979242 18
1.079261 18
1.079261 19
1.541584 19
1.541584 20
1.774205 20
1.774205 21
1.895899 21
1.895899 22
2.129332 22
2.129332 23
2.451838 23
2.451838 24
2.712683 24
2.712683 25
3.087594 25
3.087594 26
4.689607 26
4.689607 27
5.730833 27
5.730833 28
6.950346 28
6.950346 29
7.039917 29
7.039917 30
7.896107 30
7.896107 31
8.390048 31
8.390048 32
8.492887 32
8.492887 33
9.941152 33
9.941152 34
11.246116 34
11.246116 35
11.475723 35
11.475723 36
12.347941 36
12.347941 37
14.691593 37
14.691593 38
15.703435 38
15.703435 39
16.555941 39
16.555941 40
16.913937 40
16.913937 41
17.827810 41
17.827810 42
17.988825 42
17.988825 43
18.060482 43
18.060482 44
19.218454 44
19.218454 45
19.248724 45
19.248724 46
19.850437 46
19.850437 47
20.208763 47
20.208763 48
20.341063 48
20.341063 49
21.320717 49
21.320717 50
23.060379 50
23.060379 51
23.428453 51
23.428453 52
28.108343 52
28.108343 53
32.173965 53
32.173965 54
34.081001 54
34.081001 55
36.163048 55
36.163048 56
39.135620 56
39.135620 57
40.717583 57
40.717583 58
51.922607 58
51.922607 59
53.366253 59
53.366253 60
55.018387 60
55.018387 61
55.162510 61
55.162510 62
