0 0
0.050413 0
0.050413 1
0.050424 1
0.050424 2
0.050619 2
0.050619 3
0.060304 3
0.060304 4
0.060358 4
0.060358 5
0.060371 5
0.060371 6
0.060385 6
0.060385 7
0.060647 7
0.060647 8
0.060713 8
0.060713 9
0.070699 9
0.070699 10
0.080395 10
0.080395 11
0.080696 11
0.080696 12
0.090553 12
0.090553 13
0.090742 13
0.090742 14
0.090745 14
0.090745 15
0.100778 15
0.100778 16
0.100816 16
0.100816 17
0.110746 17
0.110746 18
0.120985 18
0.120985 19
0.131008 19
0.131008 20
0.150943 20
0.150943 21
0.161650 21
0.161650 22
0.171360 22
0.171360 23
0.171440 23
0.171440 24
0.201155 24
0.201155 25
0.201725 25
0.201725 26
0.241574 26
0.241574 27
0.241590 27
0.241590 28
0.272477 28
0.272477 29
0.292432 29
0.292432 30
0.302179 30
0.302179 31
0.352755 31
0.352755 32
0.352769 32
0.352769 33
0.433260 33
0.433260 34
0.462935 34
0.462935 35
0.513165 35
0.513165 36
0.543560 36
0.543560 37
0.947074 37
0.947074 38
1.037289 38
1.037289 39
1.076954 39
1.076954 40
1.178627 40
1.178627 41
1.189369 41
1.189369 42
1.217973 42
1.217973 43
1.339881 43
1.339881 44
2.255808 44
2.255808 45
