0 0
0.010236 0
0.010236 1
0.020120 1
0.020120 2
0.020185 2
0.020185 3
0.020203 3
0.020203 4
0.020218 4
0.020218 5
0.020234 5
0.020234 6
0.020243 6
0.020243 7
0.020275 7
0.020275 8
0.020322 8
0.020322 9
0.020336 9
0.020336 10
0.020338 10
0.020338 11
0.020340 11
0.020340 12
0.020346 12
0.020346 13
0.020347 13
0.020347 14
0.020348 14
0.020348 15
0.020375 15
0.020375 16
0.020392 16
0.020392 17
0.020475 17
0.020475 18
0.030222 18
0.030222 19
0.030270 19
0.030270 20
0.030277 20
0.030277 21
0.030280 21
0.030280 22
0.030305 22
0.030305 23
0.030322 23
0.030322 24
0.030332 24
0.030332 25
0.030389 25
0.030389 26
0.040395 26
0.040395 27
0.040436 27
0.040436 28
0.040490 28
0.040490 29
0.040543 29
0.040543 30
0.040674 30
0.040674 31
0.050365 31
0.050365 32
0.050490 32
0.050490 33
0.050605 33
0.050605 34
0.050791 34
0.050791 35
0.050865 35
0.050865 36
0.070596 36
0.070596 37
0.090743 37
0.090743 38
0.130989 38
0.130989 39
0.141136 39
0.141136 40
0.171612 40
0.171612 41
0.231421 41
0.231421 42
0.232177 42
0.232177 43
0.272060 43
0.272060 44
0.272744 44
0.272744 45
0.292323 45
0.292323 46
0.312382 46
0.312382 47
0.332719 47
0.332719 48
0.403062 48
0.403062 49
0.514069 49
0.514069 50
0.538496 50
0.538496 51
0.604663 51
0.604663 52
0.814290 52
0.814290 53
0.917624 53
0.917624 54
0.931581 54
0.931581 55
1.008234 55
1.008234 56
1.310425 56
1.310425 57
1.514098 57
1.514098 58
1.536356 58
1.536356 59
1.870235 59
1.870235 60
2.109805 60
2.109805 61
2.412271 61
2.412271 62
2.562672 62
2.562672 63
2.811209 63
2.811209 64
