0.236 0 0.764706
0.237 0 0.766158
0.237 0 0.781521
0.238 0 0.945386
0.240 0 0.953752
0.240 0 0.970552
0.242 0 0.97907
0.245 0 1.06326
0.247 0 1.07194
0.248 0 1.728
0.249 0 1.73684
0.252 0 1.97164
0.256 0 2.49508
0.258 0 2.49515
0.258 0 3.12306
0.260 0 3.12312
0.262 0 3.84793
0.276 0 4.60793
0.283 0 4.75269
0.284 0 4.77866
0.284 0 4.80462
0.285 0 4.83059
0.285 0 4.85655
0.286 0 4.88252
0.286 0 4.92776
0.290 0 5.14745
0.290 0 5.19745
0.294 0 5.41832
0.295 0 5.63016
0.296 0 5.81907
0.297 0 5.9269
0.297 0 6.0778
0.298 0 6.29887
0.300 0 6.72351
0.302 0 6.74184
0.304 0 6.76177
0.307 0 6.78351
0.309 0 6.80732
0.312 0 6.83351
0.314 0 6.95905
0.315 0 6.988
0.317 0 7.03465
0.317 0 7.06681
0.319 0 7.10276
0.321 0 7.164
0.322 0 7.20444
0.333 0 7.26917
0.341 0 8.11574
0.342 0 8.12474
0.346 0 8.21738
0.360 0 8.87067
0.362 0 9.72039
0.366 0 10.5962
0.374 0 10.642
0.385 0 10.8903
0.385 0 10.9101
0.387 0 11.4195
0.392 0 11.7398
0.393 0 11.7501
0.395 0 11.9906
0.398 0 11.9926
0.399 0 12.0032
0.402 0 12.0137
0.403 0 12.0661
0.405 0 12.077
0.405 0 12.1374
0.408 0 12.1486
0.409 0 12.1598
0.411 0 12.2029
0.414 0 12.6286
0.418 0 12.6401
0.421 0 12.6642
0.423 0 12.905
0.427 0 12.9459
0.437 0 12.9473
0.438 0 13.2042
0.440 0 13.2057
0.440 0 13.2183
0.442 0 13.2325
0.443 0 13.2339
0.451 0 13.2431
0.452 0 13.254
0.455 0 13.2669
0.460 0 13.2904
0.463 0 13.3176
0.464 0 13.3285
0.470 0 13.356
0.475 0 13.8736
0.476 0 14.1627
0.482 0 14.2025
0.496 0 14.2618
0.497 0 14.2761
0.502 0 14.3671
0.504 0 14.3908
0.507 0 14.4043
0.514 0 14.419
0.516 0 14.4387
0.521 0 14.4527
0.526 0 14.6234
0.530 0 14.7842
0.531 0 14.7986
0.532 0 15.1567
0.534 0 15.1713
0.535 0 15.1866
0.540 0 15.5632
0.552 0 15.6675
0.553 0 15.7182
0.557 0 15.7224
0.559 0 15.7883
0.571 0 15.8041
0.576 0 15.8056
0.576 0 15.8761
0.577 0 15.8774
0.577 0 16.0797
0.578 0 16.0842
0.588 0 16.1771
0.589 0 16.1957
0.592 0 17.0033
0.603 0 17.4308
0.614 0 17.4471
0.617 0 18.0503
0.617 0 18.0919
0.619 0 18.3832
0.619 0 18.4925
0.621 0 18.5012
0.621 0 18.5109
0.624 0 18.5294
0.626 0 18.7274
0.628 0 18.7468
0.631 0 18.8001
0.632 0 18.8312
0.633 0 18.9985
0.633 0 19.4225
0.637 0 19.4307
0.638 0 20.1707
0.639 0 20.176
0.641 0 20.2039
0.644 0 20.2466
0.645 0 20.248
0.645 0 20.2538
0.645 0 20.283
0.647 0 20.3343
0.650 0 20.3395
0.651 0 20.3464
0.654 0 20.4104
0.660 0 20.416
0.663 0 20.4332
0.673 0 20.645
0.675 0 20.7903
0.677 0 20.8019
0.677 0 20.8413
0.678 0 20.867
0.678 0 21.6156
0.687 0 21.7314
0.687 0 21.7606
0.689 0 21.7692
0.696 0 21.7702
0.697 0 21.7814
0.699 0 21.7888
0.708 0 21.8002
0.714 0 21.8628
0.718 0 21.8637
0.718 0 22.2955
0.719 0 22.297
0.720 0 22.3045
0.722 0 22.3055
0.724 0 22.3936
0.727 0 22.3956
0.728 0 22.3989
0.728 0 22.4323
0.731 0 22.4332
0.732 0 22.5137
0.735 0 22.5146
0.735 0 22.5531
0.737 0 22.6571
0.738 0 22.8449
0.740 0 22.8459
0.740 0 22.8702
0.742 0 23.0499
0.742 0 23.0533
0.743 0 23.0636
0.744 0 23.0646
0.745 0 23.0653
0.746 0 23.1216
0.747 0 23.1395
0.748 0 23.1405
0.751 0 23.1413
0.753 0 23.1423
0.754 0 23.1535
0.755 0 23.8888
0.756 0 23.8923
0.757 0 23.8933
0.757 0 23.8941
0.758 0 23.9018
0.759 0 23.9135
0.761 0 23.9155
0.761 0 23.9448
0.762 0 23.9456
0.765 0 24.2731
0.765 0 24.2742
0.767 0 24.2781
0.767 0 24.2789
0.767 0 24.2798
0.768 0 24.2834
0.770 0 24.2844
0.771 0 24.2925
0.771 0 24.636
0.772 0 24.637
0.774 0 24.638
0.774 0 24.6388
0.775 0 24.6555
0.776 0 25.3369
0.778 0 25.3379
0.778 0 25.3388
0.778 0 25.3488
0.779 0 25.3496
0.781 0 25.3937
0.782 0 25.3973
0.783 0 25.3983
0.783 0 25.3993
0.783 0 25.4135
0.785 0 25.415
0.785 0 25.4193
0.785 0 25.4201
0.786 0 25.4202
0.786 0 25.4239
0.787 0 25.425
0.787 0 25.4404
0.788 0 26.216
0.788 0 26.2169
0.789 0 26.2637
0.790 0 26.2678
0.790 0 26.2686
0.790 0 26.2756
0.792 0 26.4871
0.792 0 26.5037
0.793 0 26.8462
0.794 0 26.8473
0.794 0 26.8482
0.795 0 26.8586
0.795 0 26.8594
0.796 0 26.8838
0.796 0 26.8875
0.796 0 26.9009
0.798 0 26.9068
0.799 0 26.9343
0.799 0 26.9352
0.800 0 27.0181
0.800 0 27.0324
0.801 0 27.0338
0.801 0 27.0346
0.801 0 27.0795
0.802 0 27.1126
0.803 0 27.1214
0.804 0 27.1224
0.804 0 27.2074
0.806 0 27.2082
0.807 0 27.2233
0.807 0 27.2243
0.808 0 27.2255
0.809 0 27.3028
0.809 0 27.3129
0.810 0 27.3226
0.810 0 27.3409
0.810 0 27.3418
0.810 0 27.3456
0.811 0 27.3464
0.811 0 27.3536
0.813 0 27.3548
0.814 0 27.3653
0.815 0 27.8586
0.815 0 27.8596
0.817 0 27.8604
0.819 0 27.8616
0.820 0 27.8872
0.820 0 27.8983
0.821 0 27.8993
0.822 0 27.9001
0.822 0 27.9039
0.823 0 27.9449
0.824 0 27.946
0.825 0 27.9657
0.825 0 27.973
0.825 0 27.9847
0.826 0 27.9856
0.827 0 27.9865
0.828 0 28.0109
0.829 0 28.4627
0.829 0 28.4638
0.829 0 28.476
0.830 0 28.4878
0.831 0 28.4888
0.831 0 28.5324
0.832 0 28.5439
0.833 0 28.5448
0.833 0 28.5576
0.835 0 28.5588
0.837 0 28.5598
0.838 0 28.5607
0.839 0 28.5682
0.841 0 28.5694
0.842 0 28.5704
0.842 0 28.7062
0.843 0 28.7865
0.843 0 28.7907
0.844 0 28.7915
0.846 0 28.8121
0.846 0 28.8187
0.847 0 28.8198
0.848 0 28.8491
0.849 0 28.85
0.851 0 29.1446
0.853 0 29.1457
0.854 0 29.1466
0.855 0 29.1632
0.855 0 29.1708
0.858 0 29.2034
0.858 0 29.2045
0.859 0 29.2335
0.860 0 29.2344
0.861 0 29.2356
0.861 0 29.2527
0.863 0 29.2538
0.864 0 29.2595
0.865 0 29.2604
0.866 0 29.2671
0.868 0 29.2871
0.868 0 29.2884
0.868 0 29.2962
0.869 0 29.302
0.869 0 29.303
0.870 0 29.3052
0.870 0 29.3061
0.873 0 29.3534
0.873 0 29.3691
0.873 0 29.3703
0.873 0 29.3788
0.873 0 29.3855
0.874 0 29.3866
0.876 0 29.3875
0.877 0 29.4209
0.878 0 29.4318
0.878 0 29.4456
0.878 0 29.4469
0.878 0 29.4559
0.879 0 29.4569
0.881 0 29.4579
0.881 0 29.4659
0.881 0 29.4798
0.882 0 29.662
0.883 0 29.6679
0.884 0 29.6691
0.885 0 29.6702
0.885 0 29.6848
0.886 0 29.6858
0.888 0 29.6928
0.889 0 29.6987
0.889 0 29.7
0.889 0 29.7154
0.890 0 29.8122
0.890 0 29.8133
0.892 0 29.8142
0.894 0 29.8185
0.894 0 29.8244
0.894 0 29.8257
0.894 0 29.8337
0.895 0 29.8348
0.895 0 29.8515
0.897 0 29.8524
0.898 0 29.8534
0.898 0 29.8617
0.899 0 29.8677
0.900 0 29.869
0.900 0 29.8783
0.901 0 29.8794
0.902 0 29.8803
0.902 0 29.8889
0.904 0 29.8898
0.905 0 29.8911
0.906 0 29.8922
0.906 0 29.9008
0.908 0 29.9018
0.909 0 29.9292
0.909 0 29.9302
0.911 0 29.9313
0.911 0 30.0284
0.912 0 30.0297
0.912 0 30.0302
0.913 0 30.0311
0.915 0 30.0371
0.915 0 30.0901
0.916 0 30.0911
0.916 0 30.0922
0.916 0 30.101
0.917 0 30.1023
0.919 0 30.1033
0.921 0 30.1343
0.922 0 30.1355
0.922 0 30.1368
0.922 0 30.1416
0.923 0 30.1553
0.924 0 30.1575
0.924 0 30.1584
0.924 0 30.1594
0.927 0 30.1685
0.928 0 30.1698
0.929 0 30.1708
0.929 0 30.1719
0.931 0 30.1861
0.932 0 30.1876
0.933 0 30.2498
0.933 0 30.2511
0.934 0 30.2521
0.934 0 30.2533
0.935 0 30.2543
0.936 0 30.2591
0.938 0 30.2613
0.938 0 30.2626
0.938 0 30.2719
0.938 0 30.2736
0.939 0 30.2746
0.939 0 30.2757
0.940 0 30.2767
0.944 0 30.2777
0.944 0 30.2791
0.945 0 30.2801
0.945 0 30.2812
0.949 0 30.2826
0.950 0 30.2836
0.950 0 30.2848
0.951 0 30.2858
0.951 0 30.2908
0.952 0 30.2929
0.954 0 30.2943
0.955 0 30.2953
0.955 0 30.2965
0.956 0 30.3348
0.956 0 30.3359
0.956 0 30.3505
0.958 0 30.36
0.960 0 30.361
0.960 0 30.3624
0.960 0 30.3776
0.961 0 30.3786
0.962 0 30.38
0.963 0 30.3822
0.965 0 30.3836
0.966 0 30.3847
0.967 0 30.3858
0.968 0 30.3933
0.968 0 30.4312
0.968 0 30.4362
0.970 0 30.4437
0.971 0 30.4448
0.971 0 30.4458
0.971 0 30.4472
0.974 0 30.4569
0.976 0 30.4581
0.976 0 30.4591
0.976 0 30.4605
0.980 0 30.4617
0.981 0 30.4631
0.981 0 30.4682
0.982 0 30.4693
0.984 0 30.4704
0.984 0 30.5097
0.987 0 30.5111
0.988 0 30.5123
0.992 0 30.5414
0.993 0 31.1685
0.993 0 31.1697
0.994 0 31.1707
0.995 0 31.1722
0.996 0 31.1969
0.997 0 31.198
0.998 0 31.2032
0.999 0 31.4888
1.000 0 31.5161
1.001 0 31.5172
1.002 0 31.5183
1.002 0 31.5198
1.003 0 31.5298
1.007 0 31.5309
1.007 0 31.5323
1.011 0 31.5404
1.012 0 31.5416
1.012 0 31.5431
1.014 0 31.5442
1.018 0 31.5457
1.019 0 31.5468
1.019 0 31.557
1.020 0 31.7279
1.021 0 31.7333
1.022 0 31.7489
1.023 0 31.7572
1.024 0 31.7583
1.024 0 31.7598
1.025 0 31.7608
1.026 0 31.7632
1.027 0 31.7644
1.027 0 31.7884
1.029 0 31.79
1.029 0 31.7953
1.030 0 31.7964
1.032 0 31.8023
1.033 0 31.8035
1.035 0 31.8119
1.036 0 31.8134
1.038 0 31.8204
1.038 0 31.8257
1.038 0 31.8268
1.038 0 31.828
1.039 0 31.8304
1.041 0 31.9396
1.042 0 31.9423
1.042 0 31.9438
1.043 0 31.9451
1.045 0 31.9462
1.045 0 31.9584
1.047 0 31.9584
1.048 0 31.9638
1.048 0 31.9654
1.049 0 31.9666
1.049 0 31.9752
1.050 0 31.9776
1.050 0 31.9884
1.053 0 32.0392
1.054 0 32.0404
1.055 0 32.0427
1.055 0 32.0552
1.055 0 32.0963
1.056 0 32.1566
1.057 0 32.17
1.060 0 32.1788
1.060 0 32.1957
1.061 0 32.1981
1.062 0 32.2004
1.064 0 32.2017
1.065 0 32.2406
1.066 0 32.2406
1.067 0 32.2418
1.068 0 32.2442
1.068 0 32.2498
1.070 0 32.2511
1.070 0 32.26
1.073 0 32.2761
1.074 0 32.2786
1.075 0 32.2797
1.075 0 32.2822
1.076 0 32.2992
1.079 0 32.358
1.080 0 32.3592
1.080 0 32.3616
1.081 0 32.3627
1.082 0 32.3772
1.083 0 32.3772
1.083 0 32.3817
1.083 0 32.3905
1.085 0 32.393
1.087 0 32.3976
1.087 0 32.3987
1.087 0 32.3999
1.088 0 32.4023
1.089 0 32.4575
1.091 0 32.46
1.092 0 32.4856
1.092 0 32.4869
1.093 0 32.4879
1.094 0 32.4926
1.097 0 32.5822
1.097 0 32.5835
1.098 0 32.5845
1.098 0 32.5858
1.101 0 32.5858
1.102 0 32.5882
1.103 0 32.5895
1.104 0 32.5908
1.108 0 32.5967
1.108 0 32.5979
1.109 0 32.6001
1.109 0 32.6014
1.112 0 32.604
1.113 0 32.6046
1.114 0 32.6059
1.116 0 32.6084
1.118 0 32.6084
1.118 0 32.611
1.119 0 32.6135
1.120 0 32.6157
1.120 0 32.6171
1.120 0 32.6354
1.121 0 32.6414
1.123 0 32.644
1.124 0 32.6453
1.125 0 32.6947
1.125 0 32.7083
1.125 0 32.7095
1.126 0 32.712
1.128 0 32.7147
1.130 0 32.7158
1.130 0 32.7171
1.130 0 32.7807
1.133 0 32.7881
1.134 0 32.7909
1.135 0 32.7968
1.135 0 32.8029
1.135 0 32.8042
1.136 0 32.8042
1.136 0 32.8053
1.137 0 32.8079
1.138 0 32.8106
1.139 0 32.8133
1.139 0 32.8186
1.140 0 32.82
1.141 0 32.834
1.141 0 32.8352
1.144 0 32.8379
1.145 0 32.8407
1.146 0 32.842
1.146 0 33.0884
1.147 0 33.0896
1.148 0 33.0921
1.148 0 33.1947
1.149 0 33.1975
1.150 0 33.2003
1.151 0 33.2017
1.152 0 33.2028
1.155 0 33.2057
1.155 0 33.2086
1.157 0 33.2097
1.157 0 33.2111
1.158 0 33.2137
1.159 0 33.2139
1.161 0 33.2167
1.161 0 33.2197
1.162 0 33.2274
1.162 0 33.2288
1.162 0 33.2344
1.163 0 33.2356
1.166 0 33.2386
1.166 0 33.3593
1.168 0 33.3604
1.169 0 33.3634
1.169 0 33.3722
1.171 0 33.3794
1.171 0 33.3825
1.172 0 33.3851
1.173 0 33.3863
1.174 0 33.4696
1.175 0 33.4726
1.176 0 33.6661
1.179 0 33.6739
1.179 0 33.6751
1.180 0 33.6779
1.180 0 33.6869
1.181 0 33.6899
1.184 0 33.6911
1.185 0 33.7053
1.186 0 33.7079
1.187 0 33.7107
1.190 0 33.7119
1.190 0 33.7212
1.193 0 33.7241
1.194 0 33.7252
1.195 0 33.7264
1.198 0 33.7293
1.200 0 33.732
1.200 0 33.7393
1.200 0 33.7406
1.202 0 33.7436
1.203 0 33.7452
1.204 0 33.7482
1.206 0 33.7494
1.209 0 33.7524
1.209 0 33.7556
1.211 0 33.7568
1.211 0 33.7584
1.212 0 33.766
1.214 0 33.7687
1.214 0 33.7718
1.214 0 33.775
1.216 0 33.7762
1.216 0 33.7779
1.220 0 33.8085
1.220 0 33.8116
1.220 0 33.8148
1.220 0 33.847
1.221 0 33.8487
1.222 0 33.8499
1.225 0 33.8531
1.227 0 33.8544
1.227 0 33.8577
1.227 0 33.8594
1.228 0 33.8607
1.230 0 33.8639
1.232 0 33.8652
1.232 0 33.8669
1.232 0 33.9034
1.234 0 33.9068
1.236 0 33.9101
1.238 0 33.9114
1.238 0 33.9128
1.238 0 33.9144
1.239 0 33.9179
1.241 0 33.9212
1.243 0 34.1331
1.243 0 34.1344
1.243 0 34.1362
1.246 0 34.1396
1.246 0 34.1431
1.248 0 34.1448
1.249 0 34.1478
1.252 0 34.1492
1.252 0 34.1527
1.254 0 34.1554
1.254 0 34.1571
1.257 0 34.1606
1.259 0 34.1624
1.263 0 34.1638
1.263 0 34.1832
1.264 0 34.1849
1.264 0 34.1885
1.270 0 34.1903
1.272 0 34.2245
1.274 0 34.2259
1.274 0 34.2364
1.275 0 34.2382
1.280 0 34.24
1.286 0 34.2419
1.287 0 34.2433
1.291 0 34.2452
1.295 0 34.2613
1.295 0 34.2799
1.297 0 34.2817
1.298 0 34.2925
1.300 0 34.2955
1.302 0 34.2969
1.302 0 34.2988
1.305 0 34.3004
1.307 0 34.3023
1.311 0 34.3038
1.311 0 34.3149
1.313 0 34.3168
1.314 0 34.4314
1.314 0 34.4328
1.316 0 34.4344
1.316 0 34.4445
1.318 0 35.1191
1.318 0 35.1211
1.321 0 35.1227
1.323 0 35.1247
1.324 0 35.136
1.326 0 35.1389
1.327 0 35.1402
1.327 0 35.1418
1.329 0 35.1437
1.329 0 35.1457
1.329 0 35.1667
1.330 0 35.1706
1.332 0 35.7487
1.332 0 35.7504
1.333 0 35.7521
1.334 0 35.7523
1.334 0 35.7543
1.336 0 35.7621
1.337 0 35.7638
1.337 0 35.7656
1.339 0 35.897
1.340 0 35.8999
1.340 0 35.9082
1.340 0 35.91
1.342 0 35.9169
1.342 0 35.9188
1.343 0 35.9204
1.345 0 35.9249
1.345 0 35.929
1.346 0 35.9309
1.347 0 35.9327
1.348 0 35.9344
1.350 0 35.9365
1.351 0 35.9383
1.353 0 35.94
1.353 0 35.9419
1.353 0 35.9595
1.354 0 35.9624
1.355 0 35.9625
1.356 0 35.9646
1.358 0 35.9756
1.358 0 35.9775
1.358 0 35.9794
1.359 0 35.9811
1.361 0 35.9832
1.363 0 35.9851
1.363 0 35.9871
1.364 0 35.99
1.364 0 35.9918
1.366 0 35.9939
1.369 0 35.9959
1.370 0 35.9976
1.372 0 36.0214
1.372 0 36.0235
1.374 0 36.0254
1.374 0 36.0274
1.375 0 36.0292
1.377 0 36.0314
1.378 0 36.0344
1.379 0 36.0364
1.380 0 36.0381
1.380 0 36.04
1.382 0 36.0423
1.385 0 36.0443
1.386 0 36.0461
1.386 0 36.048
1.388 0 36.0502
1.390 0 36.0523
1.391 0 36.0541
1.391 0 36.056
1.392 0 36.0591
1.393 0 36.0667
1.393 0 36.069
1.394 0 36.0704
1.395 0 36.0725
1.395 0 36.1366
1.396 0 36.1384
1.397 0 36.1399
1.399 0 36.1401
1.399 0 36.1424
1.401 0 36.1497
1.401 0 36.1518
1.402 0 36.1557
1.404 0 36.1568
1.404 0 36.1586
1.404 0 36.161
1.406 0 36.164
1.406 0 36.1662
1.406 0 36.2218
1.408 0 36.2233
1.408 0 36.2253
1.409 0 36.2276
1.412 0 36.2297
1.413 0 36.2316
1.414 0 36.2336
1.415 0 36.236
1.417 0 36.3367
1.417 0 36.3388
1.418 0 36.3407
1.418 0 36.3568
1.419 0 36.4141
1.419 0 36.4172
1.419 0 36.4192
1.420 0 36.4216
1.421 0 36.4814
1.422 0 36.4829
1.422 0 36.485
1.423 0 36.4869
1.425 0 36.489
1.425 0 36.4914
1.427 0 36.4925
1.428 0 36.4947
1.428 0 36.5118
1.429 0 36.5148
1.430 0 36.5167
1.430 0 36.5188
1.433 0 36.5198
1.433 0 36.523
1.433 0 36.5252
1.435 0 36.5282
1.435 0 36.5301
1.435 0 36.5322
1.438 0 36.5345
1.440 0 36.5375
1.441 0 36.5536
1.441 0 36.5556
1.441 0 36.5577
1.444 0 36.5621
1.444 0 36.5644
1.446 0 36.5675
1.446 0 36.5695
1.446 0 36.5716
1.447 0 36.5748
1.449 0 36.5771
1.451 0 36.5802
1.451 0 36.5822
1.451 0 36.5844
1.454 0 36.5867
1.456 0 36.5899
1.457 0 36.5919
1.460 0 36.5943
1.461 0 36.5975
1.461 0 36.6063
1.462 0 36.6107
1.463 0 36.614
1.465 0 36.6163
1.466 0 36.6253
1.469 0 36.6286
1.470 0 36.6569
1.470 0 36.6591
1.471 0 36.6615
1.475 0 36.6648
1.475 0 36.6682
1.476 0 36.6705
1.476 0 36.6729
1.480 0 36.6763
1.481 0 36.6788
1.482 0 36.681
1.485 0 36.6846
1.487 0 36.687
1.488 0 36.6971
1.488 0 36.6988
1.488 0 36.7011
1.489 0 36.7103
1.491 0 36.7139
1.492 0 36.7164
1.492 0 36.7254
1.494 0 36.7278
1.496 0 36.7314
1.497 0 36.734
1.500 0 37.6514
1.500 0 37.6538
1.501 0 37.6575
1.502 0 37.6592
1.503 0 37.6617
1.504 0 37.6756
1.505 0 37.678
1.506 0 37.6805
1.506 0 37.6898
1.507 0 37.6917
1.508 0 37.6943
1.510 0 37.6967
1.513 0 37.6993
1.514 0 37.7088
1.516 0 37.7105
1.516 0 37.7129
1.517 0 37.7221
1.518 0 37.7282
1.519 0 37.7309
1.519 0 37.7405
1.520 0 38.7285
1.521 0 38.731
1.524 0 38.7329
1.524 0 38.7355
1.526 0 38.7372
1.526 0 38.7397
1.529 0 38.7424
1.532 0 38.745
1.535 0 38.7571
1.535 0 38.7598
1.536 0 38.7697
1.537 0 38.7714
1.537 0 38.774
1.537 0 38.7837
1.540 0 38.7865
1.542 0 38.7884
1.542 0 38.791
1.543 0 38.8017
1.546 0 38.8045
1.548 0 38.8062
1.548 0 38.8089
1.549 0 38.883
1.551 0 38.8858
1.553 0 38.8885
1.553 0 38.9107
1.556 0 38.9166
1.556 0 38.9195
1.558 0 38.9212
1.560 0 38.9236
1.560 0 39.552
1.562 0 39.5526
1.562 0 39.5586
1.562 0 39.5615
1.565 0 39.5669
1.565 0 39.5852
1.566 0 39.5872
1.567 0 39.5935
1.567 0 39.5965
1.570 0 39.597
1.570 0 39.6207
1.572 0 39.6224
1.572 0 39.6244
1.572 0 39.6272
1.572 0 39.6302
1.573 0 39.6308
1.574 0 39.6408
1.575 0 39.672
1.578 0 39.6915
1.579 0 39.6936
1.579 0 39.6964
1.581 0 39.6994
1.584 0 39.7015
1.584 0 39.7036
1.584 0 39.7064
1.584 0 39.7188
1.586 0 39.7205
1.586 0 39.7236
1.587 0 39.7362
1.588 0 39.7427
1.590 0 39.7449
1.590 0 39.7477
1.592 0 39.7508
1.595 0 39.7537
1.597 0 39.7569
1.598 0 39.7612
1.598 0 39.7739
1.600 0 39.7774
1.600 0 39.7803
1.600 0 39.7899
1.601 0 39.7921
1.603 0 39.8019
1.604 0 39.8063
1.606 0 39.8163
1.606 0 39.8265
1.609 0 39.8332
1.610 0 39.8377
1.610 0 39.8584
1.611 0 39.8644
1.612 0 39.8775
1.613 0 39.8811
1.615 0 39.8857
1.616 0 39.9054
1.616 0 39.9084
1.618 0 39.9106
1.621 0 39.9153
1.627 0 39.9189
1.629 0 39.9295
1.632 0 39.9359
1.632 0 39.9495
1.632 0 39.9704
1.635 0 39.9726
1.637 0 40.013
1.638 0 40.0166
1.640 0 40.0191
1.641 0 40.0259
1.648 0 40.0283
1.648 0 40.032
1.652 0 40.0342
1.658 0 40.0567
1.659 0 40.0604
1.662 0 40.0673
1.662 0 40.0813
1.669 0 40.0836
1.673 0 40.0855
1.682 0 40.1642
1.684 0 40.1786
1.685 0 40.1824
1.687 0 40.1847
1.699 0 40.2068
1.699 0 40.2087
1.704 0 40.211
1.706 0 40.226
1.713 0 40.2279
1.713 0 40.2408
1.715 0 40.2441
1.717 0 40.2464
1.720 0 40.484
1.721 0 40.7429
1.721 0 40.7453
1.722 0 40.7608
1.725 0 40.9679
1.725 0 41.2496
1.727 0 41.2535
1.728 0 41.2541
1.731 0 41.2547
1.731 0 41.325
1.732 0 41.3283
1.732 0 41.3444
1.733 0 41.345
1.736 0 41.3456
1.738 0 41.3475
1.738 0 41.3499
1.740 0 41.3532
1.745 0 41.3836
1.746 0 41.387
1.748 0 41.399
1.751 0 41.4024
1.751 0 41.4332
1.752 0 41.4352
1.756 0 41.4376
1.757 0 41.4411
1.763 0 41.4446
1.765 0 41.4523
1.766 0 41.4543
1.768 0 41.4579
1.770 0 41.5063
1.772 0 41.5073
1.772 0 41.5262
1.773 0 41.5286
1.774 0 41.5322
1.779 0 41.5342
1.780 0 41.5418
1.784 0 41.553
1.790 0 41.5551
1.791 0 41.5575
1.795 0 41.5645
1.796 0 41.5716
1.800 0 41.5832
1.801 0 41.5853
1.808 0 41.5877
1.815 0 41.5898
1.816 0 41.6243
1.821 0 41.6363
1.822 0 41.6459
1.822 0 41.6483
1.829 0 41.6508
1.830 0 41.6532
1.831 0 41.6655
1.833 0 41.6676
1.836 0 41.6682
1.839 0 41.6708
1.839 0 41.6732
1.840 0 41.6842
1.844 0 41.6968
1.845 0 41.6993
1.845 0 41.7329
1.849 0 41.8107
1.851 0 41.8132
1.853 0 41.8737
1.857 0 41.8939
1.858 0 41.8964
1.858 0 41.9041
1.859 0 41.9062
1.865 0 41.9074
1.865 0 41.91
1.866 0 41.9149
1.866 0 41.9174
1.869 0 41.918
1.870 0 41.9206
1.871 0 41.9212
1.872 0 41.9325
1.873 0 41.9331
1.875 0 41.9337
1.875 0 41.9363
1.877 0 41.9369
1.881 0 41.9396
1.882 0 41.9417
1.886 0 41.9443
1.887 0 41.9589
1.891 0 41.9597
1.891 0 41.9623
1.891 0 41.965
1.895 0 41.9757
1.895 0 42.1138
1.897 0 42.1166
1.899 0 42.1283
1.902 0 42.131
1.904 0 42.1332
1.906 0 42.1759
1.908 0 42.1766
1.909 0 42.1795
1.914 0 42.1809
1.914 0 42.1838
1.919 0 42.1866
1.926 0 42.1951
1.926 0 42.1977
1.926 0 42.2098
1.926 0 42.2398
1.931 0 42.2419
1.935 0 42.5438
1.937 0 42.6111
1.943 0 42.6725
1.945 0 42.6754
1.947 0 42.7073
1.949 0 42.7203
1.951 0 42.7233
1.952 0 42.7728
1.955 0 42.781
1.963 0 42.7929
1.963 0 42.7951
1.963 0 42.799
1.963 0 42.7993
1.978 0 42.7995
1.978 0 43.1176
1.981 0 43.1202
1.987 0 43.1374
1.988 0 43.1396
1.992 0 43.1456
1.992 0 43.1457
1.999 0 43.1525
1.999 0 43.1587
2.001 0 43.1613
2.005 0 43.1636
2.007 0 43.1637
2.018 0 43.1663
2.028 0 43.1674
2.028 0 43.1675
2.038 0 43.174
2.041 0 43.1763
2.042 0 43.179
2.042 0 43.1791
2.052 0 43.1851
2.053 0 43.2252
2.057 0 43.2276
2.057 0 43.2277
2.062 0 43.2323
2.064 0 43.235
2.064 0 43.256
2.068 0 43.2624
2.071 0 43.2626
2.074 0 43.3502
2.076 0 43.3749
2.078 0 43.3852
2.083 0 43.3878
2.084 0 43.3905
2.084 0 43.4449
2.086 0 44.1249
2.087 0 44.1296
2.087 0 44.1463
2.088 0 44.1466
2.093 0 44.1699
2.094 0 44.1955
2.101 0 44.1958
2.102 0 44.1982
2.102 0 44.2526
2.104 0 44.2554
2.106 0 44.2597
2.114 0 44.26
2.118 0 44.2913
2.118 0 44.2945
2.121 0 44.2954
2.125 0 44.2988
2.128 0 44.3015
2.128 0 44.3018
2.131 0 44.3053
2.135 0 44.3058
2.136 0 44.3093
2.138 0 44.3116
2.140 0 44.3159
2.140 0 44.3194
2.141 0 44.3794
2.142 0 44.3822
2.142 0 44.3823
2.146 0 44.3934
2.148 0 44.4565
2.155 0 44.4568
2.156 0 44.4596
2.158 0 44.4618
2.167 0 44.4621
2.175 0 44.4643
2.180 0 44.4644
2.183 0 44.4673
2.183 0 44.6376
2.196 0 44.6379
2.201 0 44.6408
2.205 0 44.6607
2.209 0 44.664
2.215 0 44.6669
2.215 0 44.6876
2.221 0 44.6879
2.221 0 44.7002
2.226 0 44.7045
2.227 0 44.7067
2.228 0 44.7097
2.235 0 44.7103
2.238 0 44.7471
2.239 0 44.7477
2.251 0 44.7507
2.258 0 44.7519
2.263 0 44.7594
2.265 0 44.7655
2.275 0 44.7764
2.278 0 44.7826
2.279 0 44.8377
2.288 0 44.8672
2.288 0 44.8749
2.290 0 44.8775
2.292 0 44.8839
2.299 0 44.8877
2.303 0 44.8884
2.306 0 44.895
2.315 0 44.9028
2.316 0 44.9197
2.317 0 44.9204
2.319 0 44.9242
2.320 0 44.9506
2.320 0 44.9574
2.334 0 44.9643
2.336 0 44.9682
2.336 0 44.9892
2.340 0 44.999
2.341 0 45.017
2.344 0 45.0281
2.347 0 45.0352
2.348 0 45.0364
2.361 0 45.0438
2.366 0 45.0464
2.373 0 45.0554
2.375 0 45.063
2.387 0 45.0674
2.389 0 45.0713
2.403 0 45.0752
2.410 0 45.0801
2.416 0 45.0841
2.430 0 45.0881
2.430 0 45.1006
2.439 0 45.1086
2.442 0 45.1833
2.447 0 45.1874
2.452 0 45.1901
2.456 0 45.2074
2.460 0 45.2083
2.461 0 45.2124
2.461 0 45.2407
2.464 0 45.5677
2.466 0 45.5741
2.473 0 45.6089
2.478 0 45.6131
2.480 0 45.7124
2.484 0 45.7206
2.486 0 45.8095
2.492 0 45.8137
2.505 0 45.8221
2.510 0 45.8327
2.526 0 45.8412
2.534 0 45.847
2.536 0 45.8513
2.542 0 45.9698
2.546 0 45.971
2.548 0 45.9828
2.554 0 46.9703
2.556 0 46.9747
2.561 0 47.0201
2.565 0 47.5373
2.570 0 47.5385
2.571 0 47.8087
2.577 0 47.8132
2.579 0 47.8729
2.580 0 47.8754
2.580 0 48.1787
2.581 0 48.1889
2.594 0 48.1895
2.597 0 48.2086
2.597 0 48.2134
2.604 0 48.2179
2.620 0 48.2219
2.620 0 48.2333
2.620 0 48.242
2.621 0 48.2466
2.623 0 48.247
2.630 0 48.2584
2.630 0 48.2768
2.632 0 48.2885
2.637 0 48.3008
2.638 0 48.3054
2.640 0 48.3138
2.644 0 48.433
2.649 0 48.4334
2.654 0 48.4382
2.658 0 48.4471
2.666 0 48.4543
2.672 0 48.4591
2.709 0 48.464
2.712 0 48.4773
2.719 0 48.5369
2.726 0 48.5418
2.731 0 48.5424
2.741 0 48.5448
2.743 0 48.5499
2.754 0 48.561
2.756 0 48.5721
2.757 0 48.5733
2.760 0 48.5784
2.766 0 48.6169
2.772 0 48.6553
2.776 0 48.6681
2.777 0 48.6732
2.777 0 48.6783
2.781 0 48.6809
2.783 0 48.6915
2.784 0 48.7377
2.794 0 48.743
2.812 0 49.3263
2.814 0 49.3964
2.814 0 49.3992
2.815 0 49.3994
2.823 0 49.4017
2.839 0 49.4039
2.847 0 49.4183
2.848 0 49.4184
2.859 0 49.4207
2.859 0 49.4308
2.871 0 49.4381
2.876 0 49.4404
2.877 0 49.4532
2.880 0 49.4665
2.881 0 49.4777
2.881 0 49.4783
2.882 0 49.4922
2.884 0 49.5067
2.885 0 49.5072
2.886 0 49.5223
2.888 0 49.5232
2.888 0 49.5391
2.890 0 49.54
2.890 0 49.5566
2.892 0 49.5575
2.893 0 49.5749
2.894 0 49.5753
2.895 0 49.5936
2.897 0 49.6129
2.899 0 49.6133
2.899 0 49.6335
2.901 0 49.634
2.904 0 49.6344
2.905 0 49.6389
2.914 0 49.6395
2.916 0 49.7075
2.916 0 49.7224
2.931 0 49.7984
2.933 0 49.802
2.936 0 49.838
2.953 0 49.8383
2.968 0 49.84
2.992 0 49.8404
3.011 0 49.8427
3.014 0 49.8834
3.024 0 49.8857
3.025 0 49.8863
3.049 0 49.8887
3.057 0 49.8893
3.058 0 49.9008
3.068 0 49.9787
3.069 0 49.981
3.084 0 49.9859
3.090 0 49.9865
3.116 0 50.532
3.116 0 50.532
3.122 0 50.5865
3.124 0 50.5967
3.124 0 50.5974
3.131 0 50.6079
3.139 0 50.6085
3.142 0 50.6135
3.156 0 50.665
3.157 0 50.6664
3.169 0 50.6891
3.196 0 50.6906
3.203 0 50.7021
3.203 0 50.713
3.206 0 50.7152
3.219 0 50.7152
3.223 0 50.742
3.235 0 50.7443
3.264 0 50.7751
3.292 0 50.7761
3.310 0 50.7769
3.311 0 51.4221
3.337 0 51.4295
3.342 0 51.433
3.348 0 51.4439
3.349 0 51.4445
3.350 0 51.4454
3.355 0 51.5183
3.364 0 51.5498
3.382 0 51.5711
3.388 0 51.5718
3.395 0 51.5943
3.403 0 51.6181
3.403 0 51.6321
3.408 0 51.6326
3.408 0 51.6412
3.418 0 51.6424
3.421 0 51.6546
3.424 0 51.6555
3.426 0 51.656
3.428 0 51.6564
3.428 0 51.6817
3.432 0 51.6821
3.466 0 51.6996
3.475 0 51.7484
3.482 0 51.7614
3.485 0 51.774
3.490 0 51.774
3.491 0 51.7853
3.496 0 51.797
3.498 0 51.8085
3.499 0 51.8206
3.501 0 51.8332
3.503 0 51.8463
3.505 0 51.8598
3.507 0 51.8728
3.507 0 51.8869
3.508 0 51.9011
3.509 0 51.9158
3.511 0 51.9311
3.514 0 51.947
3.516 0 51.9806
3.516 0 51.9949
3.518 0 52.0115
3.519 0 52.0126
3.520 0 52.0482
3.526 0 52.0615
3.530 0 52.0624
3.538 0 52.0754
3.542 0 52.1271
3.557 0 52.139
3.576 0 52.15
3.579 0 52.1905
3.603 0 52.1917
3.608 0 52.2162
3.667 0 52.2259
3.681 0 52.2796
3.691 0 52.2797
3.695 0 52.2798
3.704 0 52.2825
3.717 0 52.2839
3.724 0 52.3325
3.761 0 52.3772
3.766 0 52.9138
3.768 0 52.9182
3.800 0 52.9273
3.835 0 52.9521
3.858 0 52.9642
3.862 0 52.9702
3.867 0 52.9743
3.871 0 53.029
3.873 0 53.0314
3.888 0 53.0361
3.897 0 53.5469
3.918 0 53.5496
3.919 0 53.5569
3.921 0 53.5836
3.924 0 53.612
3.926 0 53.6423
3.928 0 53.6745
3.952 0 53.6809
3.958 0 53.7826
3.976 0 53.7898
3.977 0 53.7947
3.995 0 53.7987
3.995 0 53.8121
4.008 0 53.8526
4.009 0 53.8566
4.013 0 53.8567
4.025 0 53.866
4.029 0 53.8701
4.044 0 53.8724
4.063 0 53.8846
4.103 0 53.8856
4.116 0 54.7239
4.119 0 54.7335
4.156 0 54.7433
4.180 0 54.7534
4.188 0 54.7558
4.212 0 54.756
4.216 0 54.7585
4.219 0 54.7686
4.224 0 54.9353
4.254 0 54.9477
4.260 0 54.9519
4.270 0 54.9524
4.288 0 54.9525
4.303 0 54.9629
4.325 0 54.9819
4.325 0 54.9832
4.327 0 54.9904
4.346 0 55.0103
4.349 0 55.0158
4.349 0 55.0494
4.354 0 55.0582
4.365 0 55.0791
4.366 0 55.0847
4.371 0 55.0861
4.383 0 55.0918
4.384 0 55.1138
4.388 0 55.5304
4.389 0 55.537
4.401 0 55.5429
4.409 0 55.595
4.412 0 55.6024
4.418 0 55.6038
4.430 0 56.1413
4.464 0 56.1442
4.466 0 56.1871
4.478 0 56.1948
4.479 0 56.1978
4.500 0 56.2117
4.506 0 56.214
4.511 0 56.217
4.520 0 56.2247
4.521 0 56.2249
4.526 0 56.2328
4.536 0 56.2453
4.545 0 56.2458
4.553 0 56.2493
4.562 0 56.2827
4.567 0 56.2877
4.580 0 56.4097
4.588 0 56.4594
4.593 0 56.4607
4.610 0 56.4946
4.622 0 56.5002
4.641 0 56.5003
4.652 0 56.5209
4.667 0 57.0282
4.687 0 57.0302
4.715 0 57.0309
4.716 0 57.0438
4.721 0 57.0486
4.721 0 57.0665
4.747 0 57.0794
4.751 0 57.0815
4.811 0 57.0842
4.811 0 57.097
4.826 0 57.0992
4.841 0 57.1098
4.882 0 57.1107
4.906 0 57.1694
4.908 0 57.17
4.918 0 57.1703
4.924 0 57.1812
4.933 0 57.1894
4.936 0 57.1979
4.937 0 57.1983
4.938 0 57.2071
4.940 0 57.2162
4.942 0 57.2256
4.946 0 57.2353
4.956 0 57.2454
4.958 0 57.2559
4.960 0 57.2668
4.963 0 57.2781
4.970 0 57.3012
4.998 0 57.3056
5.001 0 57.3066
5.038 0 57.3155
5.067 0 57.3169
5.068 0 57.4315
5.098 0 57.4381
5.141 0 57.6088
5.189 0 57.6357
5.192 0 57.6362
5.220 0 57.6418
5.248 0 57.6476
5.276 0 57.6477
5.277 0 57.6487
5.282 0 57.6503
5.315 0 57.6602
5.316 0 57.6628
5.325 0 57.7406
5.344 0 57.7851
5.348 0 57.7877
5.354 0 57.805
5.390 0 57.8096
5.397 0 57.8271
5.405 0 57.8514
5.434 0 57.884
5.434 0 57.9096
5.445 0 57.9366
5.448 0 57.9931
5.497 0 58.0053
5.527 0 58.0239
5.534 0 58.0264
5.535 0 58.028
5.557 0 58.0487
5.565 0 58.0636
5.566 0 58.0812
5.568 0 58.1298
5.574 0 58.1454
5.591 0 58.1459
5.594 0 58.1464
5.620 0 58.1466
5.641 0 58.1494
5.696 0 58.1505
5.702 0 58.1623
5.713 0 58.1745
5.713 0 58.2317
5.721 0 58.2444
5.729 0 58.2577
5.729 0 58.2648
5.733 0 58.2666
5.737 0 58.2805
5.747 0 58.2882
5.747 0 58.3027
5.755 0 58.3178
5.765 0 58.3203
5.812 0 58.3215
5.814 0 58.3327
5.834 0 58.4281
5.841 0 58.53
5.845 0 58.5312
5.850 0 58.5338
5.878 0 58.5351
5.881 0 58.5756
5.886 0 58.5815
5.888 0 58.614
5.890 0 58.7081
5.896 0 58.7083
5.896 0 58.8521
5.899 0 58.8878
5.907 0 58.9273
5.910 0 58.9286
5.914 0 58.9288
5.917 0 58.9501
5.922 0 58.9761
5.925 0 58.9986
5.937 0 59.012
5.938 0 59.0358
5.938 0 59.0604
5.943 0 59.0639
5.948 0 59.0891
5.952 0 59.0935
5.954 0 59.1014
5.957 0 59.1282
5.958 0 59.1837
5.966 0 59.2121
5.967 0 59.219
5.968 0 59.5752
5.972 0 59.5789
5.973 0 59.6988
5.977 0 59.699
5.995 0 59.6991
6.001 0 59.703
6.005 0 59.7067
6.028 0 59.7088
6.049 0 59.7912
6.056 0 59.7914
6.064 0 59.8585
6.067 0 59.8587
6.078 0 59.8594
6.081 0 59.8597
6.095 0 59.8599
6.106 0 59.8601
6.120 0 59.8646
6.128 0 59.8717
6.130 0 59.8719
6.136 0 59.8746
6.144 0 59.8792
6.150 0 59.8793
6.155 0 59.8795
6.157 0 59.8797
6.162 0 59.8982
6.169 0 59.9119
6.171 0 59.9165
6.179 0 59.9168
6.198 0 59.9215
6.202 0 59.9217
6.216 0 59.9362
6.225 0 59.941
6.227 0 59.9413
6.240 0 59.9715
6.250 0 59.9717
6.252 0 59.9868
6.258 0 59.987
6.269 0 60.0027
6.270 0 60.0028
6.274 0 60.0031
6.286 0 60.0194
6.297 0 60.0196
6.304 0 60.0451
6.307 0 60.0621
6.309 0 60.0719
6.321 0 60.0721
6.326 0 60.0823
6.339 0 60.0928
6.345 0 60.093
6.347 0 60.0955
6.349 0 60.0957
6.352 0 60.0958
6.353 0 60.1066
6.356 0 60.109
6.364 0 60.1141
6.367 0 60.1253
6.368 0 60.1256
6.369 0 60.1289
6.378 0 60.1341
6.381 0 60.1457
6.386 0 60.2448
6.391 0 60.2576
6.392 0 60.2579
6.392 0 60.2631
6.395 0 60.2752
6.400 0 60.2771
6.405 0 60.2772
6.409 0 60.2896
6.416 0 60.2899
6.422 0 60.3027
6.436 0 60.3094
6.439 0 60.3095
6.440 0 60.3123
6.441 0 60.3125
6.444 0 60.3126
6.450 0 60.3193
6.464 0 60.3262
6.465 0 60.3264
6.481 0 60.3265
6.490 0 60.3267
6.496 0 60.3295
6.513 0 60.3297
6.522 0 60.3397
6.522 0 60.3397
6.523 0 60.3405
6.529 0 60.3407
6.537 0 60.341
6.552 0 60.3915
6.559 0 60.3916
6.560 0 60.3918
6.562 0 60.3946
6.566 0 60.3962
6.571 0 60.3979
6.604 0 60.398
6.608 0 60.4008
6.608 0 60.5302
6.610 0 60.5319
6.620 0 60.5321
6.623 0 60.5395
6.635 0 60.5423
6.635 0 60.6647
6.639 0 60.6832
6.649 0 60.6832
6.667 0 60.686
6.674 0 60.6868
6.684 0 60.707
6.699 0 60.7129
6.699 0 60.7325
6.701 0 60.7325
6.710 0 60.7327
6.715 0 60.8436
6.740 0 60.848
6.742 0 60.8485
6.749 0 60.8553
6.751 0 60.8553
6.794 0 60.8572
6.800 0 60.8573
6.801 0 60.8575
6.849 0 60.8623
6.850 0 60.8624
6.885 0 60.8627
6.890 0 60.8628
6.895 0 60.8951
6.900 0 60.8953
6.904 0 60.9004
6.912 0 60.9006
6.915 0 60.9138
6.921 0 60.9222
6.937 0 60.9224
6.949 0 60.9231
6.951 0 60.9286
6.962 0 60.9288
6.964 0 60.941
6.980 0 60.9412
6.985 0 60.9414
6.987 0 61.1179
6.998 0 61.1182
7.001 0 61.1308
7.009 0 61.1311
7.026 0 61.1431
7.028 0 61.1563
7.033 0 61.1565
7.051 0 61.1701
7.058 0 61.1704
7.071 0 61.1705
7.076 0 61.1847
7.080 0 61.1873
7.083 0 61.1876
7.100 0 61.1948
7.109 0 61.1951
7.123 0 61.2025
7.134 0 61.2027
7.146 0 61.2068
7.148 0 61.2144
7.158 0 61.2146
7.160 0 61.2246
7.171 0 61.2247
7.172 0 61.2324
7.183 0 61.2327
7.192 0 61.2355
7.193 0 61.2698
7.193 0 61.403
7.194 0 61.4109
7.207 0 61.4112
7.218 0 61.4192
7.232 0 61.4194
7.239 0 61.4224
7.251 0 61.4682
7.256 0 61.4684
7.261 0 61.4686
7.271 0 61.4767
7.281 0 61.4769
7.285 0 61.4799
7.306 0 61.4802
7.314 0 61.486
7.330 0 61.4863
7.330 0 61.4863
7.346 0 61.4922
7.351 0 61.4924
7.356 0 61.4926
7.360 0 61.4957
7.367 0 61.5018
7.373 0 61.5068
7.384 0 61.5071
7.388 0 61.5071
7.391 0 61.5133
7.411 0 61.5135
7.415 0 61.5167
7.437 0 61.5169
7.438 0 61.5347
7.442 0 61.5348
7.446 0 61.5349
7.461 0 61.5351
7.470 0 61.5367
7.486 0 61.537
7.503 0 61.537
7.511 0 61.5375
7.514 0 61.5445
7.515 0 61.5496
7.532 0 61.5497
7.533 0 61.5988
7.560 0 61.5988
7.562 0 61.6023
7.575 0 61.6557
7.608 0 61.6594
7.617 0 61.66
7.622 0 61.6601
7.628 0 61.6746
7.648 0 61.682
7.660 0 61.7321
7.664 0 61.7397
7.666 0 61.7398
7.674 0 61.7455
7.712 0 61.7462
7.716 0 61.7462
7.720 0 61.7502
7.737 0 61.8407
7.765 0 61.8407
7.767 0 61.8449
7.769 0 61.8889
7.813 0 61.8889
7.821 0 61.891
7.832 0 61.9205
7.855 0 61.9206
7.864 0 61.9207
7.878 0 61.9287
7.896 0 61.9331
7.922 0 61.9331
7.971 0 61.9332
7.980 0 61.9589
8.020 0 61.9589
8.050 0 61.981
8.062 0 61.9871
8.078 0 61.9872
8.098 0 61.9955
8.099 0 62.0086
8.110 0 62.0237
8.119 0 62.0734
8.134 0 62.1281
8.136 0 62.1281
8.140 0 62.2046
8.161 0 62.2155
8.194 0 62.2156
8.212 0 62.2257
8.226 0 62.2342
8.243 0 62.2595
8.252 0 62.2595
8.263 0 62.2667
8.284 0 62.3086
8.320 0 62.3087
8.350 0 62.3114
8.361 0 62.3249
8.364 0 62.3276
8.378 0 62.3303
8.387 0 62.3303
8.389 0 62.3331
8.403 0 62.3335
8.445 0 62.3336
8.451 0 62.3341
8.475 0 62.7527
8.481 0 62.7532
8.494 0 62.7533
8.509 0 62.7538
8.511 0 62.7569
8.515 0 62.7658
8.538 0 62.7663
8.544 0 62.7663
8.551 0 62.7726
8.562 0 63.6392
8.566 0 63.6396
8.593 0 63.6401
8.594 0 63.6402
8.605 0 63.6439
8.613 0 63.6456
8.621 0 63.6461
8.644 0 63.654
8.644 0 63.6541
8.649 0 63.6546
8.677 0 63.6551
8.681 0 63.7009
8.702 0 63.7009
8.704 0 63.7014
8.723 0 63.7048
8.733 0 63.7053
8.750 0 63.7053
8.761 0 63.7058
8.781 0 64.2794
8.790 0 64.2799
8.800 0 64.2799
8.812 0 64.3078
8.818 0 64.3083
8.847 0 64.3088
8.850 0 64.3088
8.875 0 64.3093
8.900 0 64.3094
8.904 0 64.3099
8.907 0 64.324
8.913 0 64.3425
8.949 0 64.3426
8.959 0 64.3589
8.966 0 64.3783
8.982 0 64.3985
8.997 0 64.4019
8.998 0 64.402
9.056 0 64.402
9.082 0 64.4073
9.122 0 64.4309
9.164 0 64.4309
9.240 0 64.5282
9.241 0 65.3396
9.262 0 65.3398
9.273 0 65.3399
9.280 0 65.3457
9.282 0 65.5957
9.294 0 65.5985
9.311 0 65.6263
9.331 0 65.6398
9.339 0 65.6457
9.371 0 65.6457
9.444 0 65.6517
9.469 0 65.6518
9.489 0 65.6561
9.522 0.999981 65.6561
9.525 0.999981 65.6732
9.560 0.999981 65.6814
9.568 0.999981 65.6816
9.677 0.999981 65.6816
9.699 0.999981 65.6873
9.701 0.999981 65.6926
9.703 0.999981 65.9211
9.736 0.999981 65.9257
9.750 0.999981 65.993
9.769 0.999981 66.0162
9.775 0.999981 66.0162
9.783 0.999981 66.0253
9.843 0.999981 66.0262
9.875 0.999981 66.0272
9.883 0.999981 66.0272
9.897 0.999981 66.0281
9.918 0.999981 66.0291
9.927 0.999981 66.0405
9.938 0.999981 66.0414
9.959 0.999981 66.0424
9.979 0.999981 66.0433
9.993 0.999981 66.0625
9.999 0.999981 66.0634
10.001 0.999981 66.0716
10.001 0.999981 66.0717
10.019 0.999981 66.0726
10.039 0.999981 66.0892
10.039 0.999981 66.0902
10.059 0.999981 66.0955
10.062 0.999981 66.0964
10.064 0.999981 66.0992
10.081 0.999981 66.1001
10.099 0.999981 66.1002
10.101 0.999981 66.1011
10.121 0.999981 66.1021
10.142 0.999981 66.1031
10.161 0.999981 66.104
10.181 0.999981 66.105
10.203 0.999981 66.106
10.207 0.999981 66.106
10.224 0.999981 66.107
10.244 0.999981 66.1079
10.264 0.999981 66.1089
10.269 0.999981 66.1137
10.278 0.999981 66.1233
10.284 0.999981 66.1243
10.316 0.999981 66.1244
10.352 0.999981 66.1308
10.415 0.999981 66.2076
10.424 0.999981 66.2076
10.473 0.999981 66.2169
10.531 0.999981 66.3167
10.532 0.999981 66.3167
10.543 1.66665 66.3167
10.675 1.66665 66.4116
10.793 1.66665 66.4149
10.802 1.66665 66.4244
10.811 1.66665 66.4293
10.844 1.66665 66.4329
10.852 1.66665 66.4334
10.888 1.66665 66.4889
10.918 1.66665 66.4949
10.938 1.66665 66.4954
10.948 2.64778 66.4954
10.976 2.64778 66.4959
10.989 2.64778 66.5041
10.997 2.64778 66.5276
11.005 2.64778 66.5281
11.011 2.64778 66.5281
11.034 2.64778 66.5286
11.034 2.64778 66.5338
11.060 2.64778 66.5636
11.063 2.64778 66.5641
11.069 2.64778 66.5642
11.091 2.64778 66.5647
11.117 2.64778 66.5648
11.118 2.64778 66.5653
11.134 2.64778 66.5699
11.146 2.64778 66.5704
11.148 2.64778 66.5746
11.167 2.64778 66.5747
11.174 2.64778 66.5752
11.199 2.64778 66.6301
11.202 2.64778 66.6306
11.216 2.64778 66.6307
11.230 2.64778 66.6312
11.256 2.64778 66.6357
11.258 2.64778 66.6362
11.263 2.64778 66.6555
11.266 2.64778 66.6557
11.287 2.64778 66.6562
11.315 2.64778 66.6567
11.316 2.64778 66.7178
11.319 2.64778 66.7262
11.324 2.64778 66.7264
11.344 2.64778 66.7269
11.357 2.64778 66.7313
11.363 2.64778 66.736
11.373 2.64778 66.7365
11.382 2.64778 66.7366
11.389 2.64778 66.7604
11.402 2.64778 66.7609
11.430 2.64778 66.7614
11.435 2.64778 66.7666
11.440 2.64778 66.7667
11.457 2.64778 66.7672
11.469 2.64778 66.7723
11.482 2.64778 66.7888
11.485 2.64778 66.7893
11.496 2.64778 66.797
11.498 2.64778 66.7971
11.513 2.64778 66.7976
11.525 2.64778 66.8005
11.529 2.64778 66.8412
11.533 2.64778 66.8491
11.541 2.64778 66.8496
11.554 2.64778 66.8512
11.569 2.64778 66.8517
11.569 2.64778 66.8597
11.581 2.64778 66.8652
11.590 2.64778 66.8734
11.597 2.64778 66.8739
11.610 2.64778 66.8823
11.625 2.64778 66.8828
11.628 2.64778 66.8914
11.628 2.64778 66.8972
11.642 2.64778 66.9054
11.654 2.64778 66.906
11.659 2.64778 66.9147
11.674 2.64778 66.9467
11.680 2.64778 66.9557
11.681 2.64778 66.9562
11.700 2.64778 66.9662
11.710 2.64778 66.9667
11.719 2.64778 66.9964
11.739 2.64778 66.9969
11.764 2.64778 67.006
11.767 2.64778 67.0065
11.791 2.64778 67.0085
11.794 2.64778 67.0091
11.821 2.64778 67.0157
11.823 2.64778 67.0163
11.842 2.64778 67.0301
11.844 2.64778 67.0331
11.851 2.64778 67.0336
11.868 2.64778 67.043
11.879 2.64778 67.0435
11.895 2.64778 67.1134
11.907 2.64778 67.1139
11.934 2.64778 67.1187
11.935 2.64778 67.1192
11.963 2.64778 67.1197
11.975 2.64778 67.1959
11.992 2.64778 67.1965
11.999 2.64778 67.204
12.019 2.64778 67.2045
12.045 2.64778 67.2095
12.048 2.64778 67.2101
12.076 2.64778 67.2106
12.104 2.64778 67.2111
12.131 2.64778 67.2117
12.160 2.64778 67.2122
12.162 2.64778 67.2203
12.171 2.64778 67.2358
12.188 2.64778 67.2364
12.216 2.64778 67.2369
12.243 2.64778 67.244
12.244 2.64778 67.2445
12.273 2.64778 67.245
12.275 2.64778 67.2539
12.283 2.64778 67.3517
12.302 2.64778 67.3523
12.331 2.64778 67.3528
12.331 2.64778 67.3624
12.355 2.64778 67.3677
12.359 2.64778 67.3682
12.385 2.64778 67.3745
12.388 2.64778 67.3751
12.401 2.64778 67.3804
12.417 2.64778 67.3809
12.433 2.64778 67.3863
12.436 2.64778 67.3891
12.446 2.64778 67.3896
12.453 2.64778 67.3952
12.467 2.64778 67.4009
12.475 2.64778 67.4015
12.481 2.64778 67.4073
12.487 2.64778 67.4127
12.495 2.64778 67.4195
12.503 2.64778 67.42
12.507 3.63445 67.42
12.517 3.63445 67.4256
12.532 3.63445 67.4261
12.544 3.63445 67.4318
12.561 3.63445 67.4323
12.572 3.63445 67.438
12.590 3.63445 67.4386
12.590 3.63445 67.4883
12.606 3.63445 67.4956
12.618 3.63445 67.4961
12.646 3.63445 67.4967
12.675 3.63445 67.4972
12.704 3.63445 67.4977
12.719 3.63445 67.5015
12.725 3.63445 67.5254
12.733 3.63445 67.5259
12.755 3.63445 67.5343
12.761 3.63445 67.5346
12.767 3.63445 67.5348
12.776 3.63445 67.5434
12.790 3.63445 67.5437
12.808 3.63445 67.5524
12.818 3.63445 67.5527
12.825 3.63445 67.5616
12.828 3.63445 67.5655
12.842 3.63445 67.5746
12.847 3.63445 67.5749
12.860 3.63445 67.6035
12.876 3.63445 67.6038
12.881 3.63445 67.6137
12.904 3.63445 67.614
12.919 3.63445 67.6151
12.928 3.63445 67.6284
12.939 3.63445 67.6286
12.940 3.63445 67.6327
12.940 3.63445 67.6851
12.944 3.63445 67.6885
12.970 3.63445 67.6888
13.000 3.63445 67.689
13.029 3.63445 67.6893
13.034 3.63445 68.0793
13.050 3.63445 68.0835
13.058 3.63445 68.0838
13.064 3.63445 68.0986
13.065 3.63445 68.0991
13.086 3.63445 68.0994
13.094 3.63445 68.2047
13.115 3.63445 68.205
13.144 3.63445 68.2053
13.159 3.63445 68.2097
13.173 3.63445 68.2099
13.189 3.63445 68.2121
13.202 3.63445 68.2124
13.230 3.63445 68.2127
13.258 3.63445 68.3367
13.259 3.63445 68.337
13.273 3.63445 68.3415
13.288 3.63445 68.3418
13.323 3.63445 68.3421
13.352 3.63445 68.3423
13.382 3.63445 68.3426
13.384 3.63445 68.3473
13.410 3.63445 68.3476
13.425 3.63445 68.3514
13.439 3.63445 68.3517
13.469 3.63445 68.352
13.497 3.63445 68.3569
13.498 3.63445 68.3571
13.527 3.63445 68.3574
13.555 3.63445 68.3577
13.584 3.63445 68.358
13.612 3.63445 68.3631
13.613 3.63445 68.3634
13.642 3.63445 68.3636
13.671 3.63445 68.3639
13.686 3.63445 68.413
13.699 3.63445 68.4133
13.711 3.63445 68.4689
13.713 3.63445 68.4718
13.722 3.63445 68.4826
13.740 3.63445 68.4829
13.770 3.63445 68.4832
13.799 3.63445 68.4835
13.812 3.63445 68.544
13.829 3.63445 68.5443
13.844 3.63445 68.6299
13.859 3.63445 68.6302
13.886 3.63445 68.6448
13.889 3.63445 68.6451
13.895 3.63445 68.6509
13.919 3.63445 68.6512
13.942 3.63445 68.6569
13.949 3.63445 68.6572
13.973 3.63445 68.6583
14.034 3.63445 68.6586
14.052 3.63445 68.6646
14.096 3.63445 68.6656
14.120 3.63445 68.6659
14.164 3.63445 68.6788
14.167 3.63445 68.6791
14.214 3.63445 68.6793
14.243 3.63445 68.6804
14.260 3.63445 68.6807
14.317 3.63445 68.681
14.317 3.63445 68.6815
14.337 3.63445 68.6956
14.372 3.63445 68.6967
14.413 3.63445 68.697
14.445 3.63445 68.7045
14.449 3.63445 68.7257
14.481 3.63445 68.7291
14.492 3.63445 68.7523
14.496 3.63445 68.7534
14.509 3.63445 68.7537
14.556 3.63445 68.7616
14.561 3.63445 68.7695
14.600 3.63445 68.8458
14.616 3.63445 68.8493
14.622 3.63445 68.8504
14.626 3.63445 69.0793
14.643 3.63445 69.0794
14.662 3.63445 69.9466
14.671 3.63445 69.9549
14.673 3.63445 69.9553
14.727 3.63445 69.9572
14.735 3.63445 70.0582
14.747 3.63445 70.0593
14.780 3.63445 70.0681
14.836 3.63445 70.0752
14.872 3.63445 70.0763
14.898 3.63445 70.0856
14.917 3.63445 70.1293
14.997 3.63445 70.1304
15.002 3.63445 70.2061
15.090 3.63445 70.2159
15.096 3.63445 70.2243
15.123 3.63445 70.2254
15.144 3.63445 70.2313
15.204 3.63445 70.2417
15.214 3.63445 70.2599
15.234 3.63445 70.26
15.248 3.63445 70.2612
15.311 3.63445 70.2721
15.328 3.63445 70.2723
15.373 3.63445 70.2735
15.421 3.63445 70.2851
15.491 3.63445 70.2913
15.497 3.63445 70.2924
15.529 3.63445 70.3047
15.538 3.63445 70.3169
15.622 3.63445 70.3181
15.629 3.63445 70.3506
15.629 3.63445 70.3891
15.638 3.63445 70.4022
15.747 3.63445 70.4034
15.747 3.63445 70.4174
15.758 3.63445 70.4208
15.788 3.63445 70.4344
15.795 3.63445 70.4354
15.850 3.63445 70.4435
15.855 3.63445 70.4585
15.872 3.63445 70.4597
15.882 3.63445 70.5238
15.891 3.63445 70.5323
15.918 3.63445 70.5531
15.964 3.63445 70.5691
15.968 3.63445 70.5825
15.997 3.63445 70.5837
16.077 3.63445 70.6009
16.122 3.63445 70.6021
16.240 3.63445 70.6407
16.246 3.63445 70.6419
16.356 3.63445 70.6871
16.370 3.63445 70.6884
16.464 3.63445 70.7141
16.493 3.63445 70.7153
16.568 3.63445 70.7435
16.580 3.63445 70.7543
16.618 3.63445 70.7555
16.674 3.63445 70.7865
16.675 3.63445 70.796
16.693 3.63445 70.7988
16.706 3.63445 70.8683
16.720 3.63445 70.8704
16.721 3.63445 70.8838
16.741 3.63445 70.9337
16.743 3.63445 70.935
16.755 3.63445 70.952
16.758 3.63445 70.9658
16.780 3.63445 71.0001
16.782 3.63445 71.0145
16.789 3.63445 71.0151
16.809 3.63445 71.0225
16.811 3.63445 71.0397
16.827 3.63445 71.0452
16.867 3.63445 71.0465
16.887 3.63445 71.0845
16.991 3.63445 71.0858
16.995 3.63445 71.1283
17.092 3.63445 71.1318
17.117 3.63445 71.1331
17.138 3.63445 71.1809
17.146 3.63445 71.1844
17.242 3.63445 71.1858
17.246 3.63445 71.2399
17.306 3.63445 71.246
17.307 3.63445 71.3353
17.342 3.63445 71.3473
17.355 3.63445 71.4092
17.367 3.63445 71.4106
17.376 3.63445 71.5693
17.420 3.63445 71.5693
17.490 3.63445 71.5707
17.502 3.63445 71.5737
17.522 3.63445 71.5799
17.554 3.63445 71.6514
17.585 3.63445 71.6576
17.613 3.63445 71.659
17.674 3.63445 71.6594
17.704 3.63445 71.6793
17.727 3.63445 71.6868
17.738 3.63445 71.6882
17.751 3.63445 71.6886
17.764 3.63445 71.6963
17.819 3.63445 71.7029
17.861 3.63445 71.7043
17.868 3.63445 71.99
17.872 3.63445 71.99
17.892 4.55752 71.99
17.908 4.55752 72.0285
17.940 4.55752 72.029
18.002 4.55752 72.0304
18.078 4.55752 72.0307
18.126 4.55752 72.0322
18.218 4.55752 72.2034
18.230 4.55752 72.3224
18.251 4.55752 72.3239
18.313 4.55752 72.3239
18.319 4.55752 72.3855
18.376 4.55752 72.3869
18.502 4.55752 72.3884
18.520 4.55752 72.3972
18.539 4.55752 72.3972
18.579 4.55752 72.4008
18.584 4.55752 72.4097
18.601 4.55752 72.4188
18.608 4.55752 72.419
18.610 4.55752 72.5856
18.617 4.55752 72.595
18.627 4.55752 72.5965
18.631 4.55752 72.606
18.645 4.55752 72.6157
18.650 4.55752 72.6374
18.659 4.55752 72.6474
18.665 4.55752 72.6478
18.673 4.55752 72.6491
18.673 4.55752 72.6593
18.690 4.55752 72.6697
18.754 4.55752 72.6712
18.755 4.55752 72.6712
18.762 4.55752 72.6714
18.831 4.55752 72.6716
18.845 4.55752 72.6749
18.878 4.55752 72.6764
18.892 4.55752 72.6781
18.915 5.52419 72.6781
18.967 5.52419 72.6816
19.003 5.52419 72.6831
19.093 5.52419 72.6866
19.107 5.52419 72.6866
19.110 5.52419 72.6868
19.119 5.52419 72.7008
19.128 5.52419 72.7024
19.140 5.52419 72.7059
19.168 5.52419 72.7202
19.195 5.52419 72.7234
19.198 5.52419 72.7234
19.209 5.52419 72.7378
19.240 5.52419 72.7672
19.254 5.52419 72.7688
19.315 5.52419 72.7692
19.361 5.52419 72.7727
19.381 5.52419 72.7743
19.507 5.52419 72.7759
19.521 5.52419 72.7792
19.535 5.52419 72.8014
19.593 5.52419 72.9125
19.599 5.52419 72.916
19.627 5.52419 72.9262
19.632 5.52419 72.9279
19.646 5.52419 72.9279
19.650 5.52419 72.9383
19.707 5.52419 72.9512
19.757 5.52419 72.9528
19.766 5.52419 72.9554
19.877 5.52419 72.959
19.881 5.52419 72.9606
19.925 5.52419 72.9635
19.941 5.52419 72.9863
20.005 5.52419 73.0055
20.008 5.52419 73.0072
20.087 5.52419 73.0079
20.089 6.49086 73.0079
20.103 6.49086 73.0079
20.145 6.49086 73.0083
20.209 6.49086 73.0101
20.224 6.49086 73.0105
20.282 6.49086 73.011
20.351 6.49086 73.0114
20.368 6.49086 73.0131
20.419 6.49086 73.0136
20.463 6.49086 73.0183
20.497 6.49086 73.0185
20.520 6.49086 73.0198
20.530 6.49086 73.0216
20.575 6.49086 73.0221
20.577 6.49086 73.0221
20.632 6.49086 73.0227
20.659 6.49086 73.0487
20.690 6.49086 73.0493
20.692 6.49086 73.0511
20.736 6.49086 73.0741
20.747 6.49086 73.0748
20.792 6.49086 73.0911
20.839 6.49086 73.1055
20.851 6.49086 73.1073
20.886 6.49086 73.122
20.892 6.49086 73.1256
20.933 6.49086 73.1384
20.960 6.49086 73.1462
21.011 6.49086 73.1481
21.141 6.49086 73.1509
21.171 6.49086 73.1527
21.223 6.49086 73.1643
21.225 6.49086 73.1676
21.299 6.49086 73.1796
21.332 6.49086 73.1815
21.376 6.49086 73.1862
21.396 6.49086 73.1865
21.442 6.49086 73.188
21.450 6.49086 73.193
21.493 6.49086 73.1948
21.586 6.49086 73.2311
21.656 6.49086 73.2329
21.721 6.49086 73.2358
21.812 6.49086 73.2368
21.816 6.49086 73.2387
21.976 6.49086 73.2406
22.112 6.49086 73.2839
22.142 7.44086 73.2839
22.153 7.44086 73.2859
22.254 7.44086 73.2968
22.258 7.44086 73.3117
22.300 7.44086 73.6164
22.313 7.44086 73.6183
22.428 7.44086 73.6193
22.473 7.44086 73.6213
22.492 7.44086 73.6214
22.511 7.44086 73.6902
22.630 7.44086 73.6922
22.706 7.44086 73.6932
22.737 7.44086 73.6941
22.751 8.41308 73.6941
22.753 8.41308 73.6969
22.791 8.41308 73.6989
22.890 8.41308 73.7181
22.953 8.41308 73.7201
22.971 8.41308 73.7282
22.977 8.41308 73.7286
23.085 8.41308 73.7287
23.098 8.41308 73.732
23.114 8.41308 73.7341
23.273 8.41308 73.7362
23.341 8.41308 73.7456
23.358 8.41308 73.7551
23.372 8.41308 73.7648
23.386 8.41308 73.7748
23.400 8.41308 73.785
23.434 8.41308 73.7871
23.595 8.41308 73.7893
23.755 8.41308 73.7915
23.913 8.41308 73.7938
24.071 8.41308 73.7961
24.153 8.41308 73.8008
24.168 8.41308 73.8115
24.192 8.41308 73.8297
24.195 8.41308 73.8406
24.197 8.41308 73.8518
24.201 8.41308 73.8519
24.216 8.41308 73.8631
24.229 8.41308 73.8745
24.231 8.41308 73.8768
24.388 8.41308 73.8792
24.437 8.41308 73.8795
24.547 8.41308 73.8819
24.561 9.40438 73.8819
24.580 9.40438 74.1806
24.592 9.40438 74.1813
24.715 9.40438 74.1837
24.843 9.40438 74.1843
24.875 9.40438 74.1867
24.915 10.4039 74.1867
24.967 10.4039 74.2195
24.975 10.4039 74.2453
24.987 10.4039 74.2463
24.993 10.4039 74.3073
25.032 10.4039 74.3098
25.192 10.4039 74.3123
25.193 10.4039 74.3261
25.316 10.4039 74.3264
25.334 11.3451 74.3264
25.350 11.3451 74.3289
25.448 11.3451 74.3684
25.507 11.3451 74.371
25.537 11.3451 74.3739
25.562 11.3451 74.375
25.665 11.3451 74.3776
25.728 11.3451 74.3956
25.826 11.3451 74.3983
25.830 11.3451 74.4266
25.894 11.3451 74.4414
25.964 11.3451 74.4665
25.985 11.3451 74.4692
26.143 11.3451 74.4719
26.145 11.3451 74.472
26.176 11.3451 74.4722
26.301 11.3451 74.475
26.459 11.3451 74.4777
26.468 11.3451 74.4995
26.488 11.3451 74.5025
26.620 11.3451 74.5054
26.651 11.3451 74.56
26.712 12.3363 74.56
26.723 12.3363 74.5614
26.778 12.3363 74.5643
26.910 12.3363 74.6041
26.936 12.3363 74.607
27.096 12.3363 74.6099
27.121 12.3363 74.6331
27.163 12.3363 74.6649
27.248 12.3363 74.6772
27.257 12.3363 74.6802
27.416 12.3363 74.6832
27.422 12.3363 74.7048
27.576 12.3363 74.7079
27.665 12.3363 74.7467
27.724 12.3363 74.7472
27.737 12.3363 74.7504
27.773 12.3363 74.7558
27.815 12.3363 74.7566
27.873 12.3363 74.757
27.896 12.3363 74.7602
27.984 12.3363 74.7626
28.039 12.3363 74.7645
28.055 12.3363 74.7678
28.068 12.3363 74.7683
28.141 12.3363 74.77
28.206 12.3363 74.7718
28.214 12.3363 74.7751
28.373 12.3363 74.7784
28.533 12.3363 74.7818
28.692 12.3363 74.7852
28.761 12.3363 74.8003
28.851 12.3363 74.8038
28.962 12.3363 74.8038
29.010 12.3363 74.8073
29.105 12.3363 74.8093
29.138 12.3363 74.8101
29.168 12.3363 74.8137
29.261 12.3363 74.8478
29.327 12.3363 74.8514
29.472 13.3266 74.8514
29.487 13.3266 74.8552
29.649 13.3266 74.8589
29.808 13.3266 74.8628
29.850 13.3266 74.8628
29.968 13.3266 74.8667
30.071 14.3247 74.8667
30.128 14.3247 74.8707
30.222 14.3247 74.8711
30.291 14.3247 74.8752
30.451 14.3247 74.8793
30.613 14.3247 74.8835
30.623 14.3247 74.8857
30.658 15.3241 74.8857
30.664 16.3162 74.8857
30.733 16.3162 74.8857
30.774 16.3162 74.89
30.938 16.3162 74.9008
31.012 16.3162 74.9167
31.278 17.2574 74.9167
31.329 17.2574 75.1471
31.459 17.2574 75.1473
31.467 17.2574 75.1599
31.498 17.2574 75.1652
31.547 17.2574 75.1666
31.614 17.2574 75.1666
31.985 17.2574 75.1979
32.001 17.2574 75.2074
32.013 17.2574 75.2474
32.038 17.2574 75.3242
32.225 17.2574 75.3324
32.259 17.2574 75.3362
32.319 17.2574 75.3504
32.499 17.2574 75.3504
32.522 17.2574 75.3509
32.546 17.2574 75.351
32.580 17.2574 75.3552
33.161 17.2574 75.3721
33.383 17.2574 75.3721
33.450 17.2574 75.4076
33.455 17.2574 75.4177
33.667 17.2574 75.4213
33.729 17.2574 75.448
33.825 17.2574 75.4503
34.058 17.2574 75.465
34.211 17.2574 75.4812
34.271 17.2574 75.4812
34.391 17.2574 75.4829
34.556 17.2574 75.5055
34.639 17.2574 75.5173
34.712 17.2574 75.5178
34.736 17.2574 75.5296
34.752 17.2574 75.5416
34.753 17.2574 75.5536
34.770 17.2574 75.566
34.777 17.2574 75.5783
34.798 17.2574 75.591
34.810 17.2574 75.6088
34.911 17.2574 75.6202
34.929 17.2574 75.632
35.020 17.2574 75.6422
35.158 17.2574 75.6422
35.351 17.2574 75.6459
35.455 17.2574 75.6702
35.563 17.2574 76.3369
35.968 17.2574 76.5111
36.044 17.2574 76.5111
36.165 17.2574 76.5126
36.203 17.2574 76.5127
36.218 17.2574 76.5507
36.405 17.2574 76.5508
36.578 17.2574 76.5511
36.644 17.2574 76.5511
36.760 17.2574 76.5511
36.874 17.2574 76.5511
36.906 17.2574 76.5529
36.957 17.2574 76.601
36.962 17.2574 76.6011
36.988 17.2574 76.6011
37.437 17.2574 76.6293
37.521 17.2574 76.6294
37.524 17.2574 76.8217
37.558 17.2574 76.8274
37.571 17.2574 76.9456
37.686 17.2574 76.974
37.736 17.2574 77.0001
37.891 17.2574 77.0093
38.045 17.2574 77.0187
38.105 17.2574 77.0188
38.105 17.2574 77.0198
38.150 17.2574 77.0199
38.181 17.2574 77.0283
38.195 17.2574 77.0379
38.351 17.2574 77.0478
38.636 17.2574 77.0911
38.646 17.2574 77.092
38.661 17.2574 77.1022
38.923 17.2574 77.1045
38.971 17.2574 77.1045
39.320 17.2574 77.1051
39.419 17.2574 77.1054
39.476 17.2574 77.106
39.543 17.2574 77.1069
39.602 17.2574 77.1076
39.659 17.2574 77.1082
39.969 17.2574 77.12
40.164 17.2574 77.1285
40.212 17.2574 77.132
40.372 17.2574 77.1323
40.414 17.2574 77.1323
40.439 17.2574 77.15
40.440 17.2574 77.1518
40.473 17.2574 77.1519
40.524 17.2574 77.1706
40.545 17.2574 77.1706
40.673 17.2574 77.1706
40.801 17.2574 77.1706
40.933 17.2574 77.1706
41.034 17.2574 77.1707
41.051 17.2574 77.1859
41.063 17.2574 77.1859
41.159 17.2574 77.2169
41.192 17.2574 77.2169
41.230 17.2574 77.217
41.325 17.2574 77.2171
41.456 17.2574 77.2171
41.587 17.2574 77.2171
41.835 17.2574 77.2258
42.041 17.2574 77.2276
42.126 17.2574 77.3144
42.153 17.2574 77.3149
42.174 17.2574 77.3152
42.176 17.2574 77.3182
42.228 17.2574 77.3184
42.272 17.2574 77.3188
42.279 17.2574 77.3189
42.350 17.2574 77.3209
42.392 17.2574 77.3217
42.456 17.2574 77.3225
42.556 17.2574 77.3226
42.595 17.2574 77.3227
42.626 17.2574 77.3229
42.646 17.2574 77.3229
43.070 17.2574 77.3356
43.253 17.2574 77.3356
43.803 17.2574 77.336
43.862 17.2574 77.3369
43.940 17.2574 77.3378
44.009 17.2574 77.3401
44.059 17.2574 77.3422
44.352 17.2574 77.3423
44.855 17.2574 77.3899
44.862 17.2574 77.4107
45.044 17.2574 77.4119
45.093 17.2574 77.4237
45.418 17.2574 77.4258
45.456 17.2574 77.4259
45.462 17.2574 77.4259
45.531 17.2574 77.4265
45.568 17.2574 77.4329
45.593 17.2574 77.4334
46.095 17.2574 77.435
46.185 17.2574 77.438
46.502 17.2574 77.4381
46.759 17.2574 77.4395
46.819 17.2574 77.4401
47.081 17.2574 77.4557
47.180 17.2574 77.4842
47.199 17.2574 77.4844
47.542 17.2574 77.4844
47.558 17.2574 77.4856
47.749 17.2574 77.5077
47.786 17.2574 77.5233
47.816 17.2574 77.5364
48.311 17.2574 77.5397
48.589 17.2574 77.5398
48.754 17.2574 77.5399
48.791 17.2574 77.5401
48.832 17.2574 77.5433
48.934 17.2574 77.5711
49.036 17.2574 77.5831
49.050 17.2574 77.7914
49.063 17.2574 77.8206
49.137 17.2574 77.8233
49.227 17.2574 77.9174
49.245 17.2574 77.9189
49.425 17.2574 78.1858
49.571 17.2574 78.2108
49.861 17.2574 78.2114
49.865 17.2574 78.3781
49.875 17.2574 78.3815
49.903 17.2574 78.3815
49.934 17.2574 78.3864
50.491 17.2574 78.4017
50.561 17.2574 78.4017
51.216 17.2574 78.4017
51.856 17.2574 78.4042
51.873 17.2574 78.4042
52.117 17.2574 78.4169
52.162 17.2574 78.417
52.201 17.2574 78.4173
52.286 17.2574 78.4326
52.528 17.2574 78.4326
52.773 17.2574 78.434
52.862 17.2574 78.4346
53.138 17.2574 78.4531
53.152 17.2574 78.4559
53.205 17.2574 78.4559
53.498 17.2574 78.4559
53.526 17.2574 78.4559
53.576 17.2574 78.458
53.646 17.2574 78.4603
53.692 17.2574 78.4855
53.734 17.2574 78.4879
53.742 17.2574 78.4908
53.760 17.2574 78.4908
53.793 17.2574 78.4952
54.166 17.2574 78.4952
54.302 17.2574 78.4952
54.430 17.2574 78.4952
54.450 17.2574 78.4954
54.500 17.2574 78.4954
54.560 17.2574 78.4954
54.619 17.2574 78.5073
54.688 17.2574 78.5073
54.820 17.2574 78.5073
55.003 17.2574 78.5074
55.131 17.2574 78.5074
55.192 17.2574 78.5087
55.376 17.2574 78.5116
55.475 17.2574 78.5117
56.195 17.2574 78.5156
56.360 17.2574 78.5156
56.483 17.2574 78.5156
56.603 17.2574 78.5156
56.701 17.2574 78.5328
56.718 17.2574 78.5328
56.834 17.2574 78.5328
56.835 17.2574 78.5331
57.221 17.2574 78.5341
57.426 17.2574 78.5341
57.690 17.2574 78.5395
58.002 17.2574 78.8569
58.023 17.2574 78.857
58.614 17.2574 78.8596
58.632 17.2574 78.8651
58.880 17.2574 78.8661
58.963 17.2574 78.8756
59.009 17.2574 78.8788
59.023 17.2574 78.8985
59.054 17.2574 78.9012
59.055 17.2574 78.9218
59.082 17.2574 78.9324
59.134 17.2574 78.942
59.186 17.2574 78.9423
59.437 17.2574 79.0919
59.598 17.2574 79.1039
59.738 17.2574 79.1047
60.008 17.2574 79.1054
60.038 17.2574 79.1088
60.308 17.2574 79.1107
60.838 17.2574 79.1107
60.844 17.2574 79.1183
61.408 17.2574 79.124
61.925 17.2574 79.124
62.528 17.2574 79.1354
63.044 17.2574 79.1355
63.644 17.2574 79.1355
65.854 17.2574 79.1355
66.184 17.2574 79.1355
66.434 17.2574 79.1355
