0 0
0.059994 0
0.059994 1
0.065493 1
0.065493 2
0.065613 2
0.065613 3
0.079003 3
0.079003 4
0.727631 4
0.727631 5
0.798757 5
0.798757 6
2.754963 6
2.754963 7
3.668095 7
3.668095 8
4.917532 8
4.917532 9
6.561465 9
6.561465 10
13.241588 10
13.241588 11
16.134069 11
16.134069 12
16.525082 12
16.525082 13
25.352377 13
25.352377 14
28.201157 14
28.201157 15
32.519081 15
32.519081 16
35.622494 16
35.622494 17
48.618996 17
48.618996 18
48.820148 18
48.820148 19
56.349564 19
56.349564 20
59.341404 20
59.341404 21
