0 0
0.0705194 0
0.0705194 1
0.0706399 1
0.0706399 2
0.1411 2
0.1411 3
0.151392 3
0.151392 4
0.231894 4
0.231894 5
0.272146 5
0.272146 6
0.313125 6
0.313125 7
0.393922 7
0.393922 8
0.435281 8
0.435281 9
0.46354 9
0.46354 10
0.594642 10
0.594642 11
0.636028 11
0.636028 12
0.787225 12
0.787225 13
1.0185 13
1.0185 14
1.56311 14
1.56311 15
2.01938 15
2.01938 16
2.03712 16
2.03712 17
2.03775 17
2.03775 18
2.14751 18
2.14751 19
2.16828 19
2.16828 20
2.21966 20
2.21966 21
2.81761 21
2.81761 22
3.09596 22
3.09596 23
3.27005 23
3.27005 24
3.36972 24
3.36972 25
3.39984 25
3.39984 26
3.46191 26
3.46191 27
3.52007 27
3.52007 28
3.62269 28
3.62269 29
3.79189 29
3.79189 30
3.90411 30
3.90411 31
4.08363 31
4.08363 32
4.58961 32
4.58961 33
4.60719 33
4.60719 34
4.86237 34
4.86237 35
4.90425 35
4.90425 36
4.9317 36
4.9317 37
5.29269 37
5.29269 38
5.48712 38
5.48712 39
5.57592 39
5.57592 40
5.6818 40
5.6818 41
5.83183 41
5.83183 42
6.05513 42
6.05513 43
6.31529 43
6.31529 44
6.53535 44
6.53535 45
6.66636 45
6.66636 46
7.94858 46
7.94858 47
8.14287 47
8.14287 48
8.48258 48
8.48258 49
8.50271 49
8.50271 50
8.53947 50
8.53947 51
8.80639 51
8.80639 52
8.80938 52
8.80938 53
8.90895 53
8.90895 54
9.00019 54
9.00019 55
9.4907 55
9.4907 56
9.50242 56
9.50242 57
9.79434 57
9.79434 58
10.0921 58
10.0921 59
11.596 59
11.596 60
12.6926 60
12.6926 61
13.981 61
13.981 62
14.5678 62
14.5678 63
14.6611 63
14.6611 64
14.9987 64
14.9987 65
15.3388 65
15.3388 66
15.4609 66
15.4609 67
16.5173 67
16.5173 68
16.8514 68
16.8514 69
18.2501 69
18.2501 70
18.3083 70
18.3083 71
19.6083 71
19.6083 72
19.7771 72
19.7771 73
20.5434 73
20.5434 74
20.8354 74
20.8354 75
21.0339 75
21.0339 76
21.0663 76
21.0663 77
21.7993 77
21.7993 78
22.4774 78
22.4774 79
23.8312 79
23.8312 80
24.8232 80
24.8232 81
26.2742 81
26.2742 82
26.4319 82
26.4319 83
30.1363 83
30.1363 84
31.4534 84
31.4534 85
34.3953 85
34.3953 86
34.3954 86
34.3954 87
35.5262 87
35.5262 88
36.6957 88
36.6957 89
37.4674 89
37.4674 90
39.6919 90
39.6919 91
41.1353 91
41.1353 92
41.9391 92
41.9391 93
44.9077 93
44.9077 94
47.2871 94
47.2871 95
48.2007 95
48.2007 96
50.673 96
50.673 97
52.7631 97
52.7631 98
52.9067 98
52.9067 99
56.9561 99
56.9561 100
58.9532 100
58.9532 101
59.9044 101
59.9044 102
