0 0
0.030329 0
0.030329 1
0.030376 1
0.030376 2
0.030382 2
0.030382 3
0.030383 3
0.030383 4
0.040336 4
0.040336 5
0.040359 5
0.040359 6
0.040384 6
0.040384 7
0.040390 7
0.040390 8
0.040393 8
0.040393 9
0.040395 9
0.040395 10
0.040408 10
0.040408 11
0.040493 11
0.040493 12
0.040494 12
0.040494 13
0.040505 13
0.040505 14
0.040520 14
0.040520 15
0.040542 15
0.040542 16
0.040543 16
0.040543 17
0.040551 17
0.040551 18
0.040568 18
0.040568 19
0.040750 19
0.040750 20
0.050523 20
0.050523 21
0.060397 21
0.060397 22
0.060518 22
0.060518 23
0.060557 23
0.060557 24
0.060698 24
0.060698 25
0.070556 25
0.070556 26
0.070706 26
0.070706 27
0.070754 27
0.070754 28
0.080965 28
0.080965 29
0.080966 29
0.080966 30
0.081114 30
0.081114 31
0.081126 31
0.081126 32
0.082874 32
0.082874 33
0.110681 33
0.110681 34
0.120879 34
0.120879 35
0.201732 35
0.201732 36
0.211403 36
0.211403 37
0.251913 37
0.251913 38
0.262177 38
0.262177 39
0.272687 39
0.272687 40
0.323086 40
0.323086 41
0.343313 41
0.343313 42
0.363176 42
0.363176 43
0.403889 43
0.403889 44
0.463737 44
0.463737 45
0.746257 45
0.746257 46
0.867540 46
0.867540 47
0.877228 47
0.877228 48
1.129374 48
1.129374 49
1.264758 49
1.264758 50
1.300815 50
1.300815 51
1.405073 51
1.405073 52
1.462582 52
1.462582 53
1.525253 53
1.525253 54
1.588611 54
1.588611 55
2.138202 55
2.138202 56
2.451662 56
2.451662 57
2.581925 57
2.581925 58
4.073651 58
4.073651 59
6.706634 59
6.706634 60
8.172856 60
8.172856 61
9.067575 61
9.067575 62
9.891299 62
9.891299 63
11.494194 63
11.494194 64
13.924876 64
13.924876 65
17.910418 65
17.910418 66
20.511150 66
20.511150 67
28.048235 67
28.048235 68
29.138968 68
29.138968 69
30.622902 69
30.622902 70
32.248997 70
32.248997 71
32.378994 71
32.378994 72
33.988274 72
33.988274 73
36.075794 73
36.075794 74
42.509933 74
42.509933 75
44.040775 75
44.040775 76
46.851654 76
46.851654 77
50.726971 77
50.726971 78
54.271339 78
54.271339 79
