0 0
0.030363 0
0.030363 1
0.030379 1
0.030379 2
0.030391 2
0.030391 3
0.030414 3
0.030414 4
0.040284 4
0.040284 5
0.040292 5
0.040292 6
0.040303 6
0.040303 7
0.040391 7
0.040391 8
0.040404 8
0.040404 9
0.040410 9
0.040410 10
0.040435 10
0.040435 11
0.040443 11
0.040443 12
0.040450 12
0.040450 13
0.040451 13
0.040451 14
0.040568 14
0.040568 15
0.040579 15
0.040579 16
0.040590 16
0.040590 17
0.040603 17
0.040603 18
0.040608 18
0.040608 19
0.040696 19
0.040696 20
0.050568 20
0.050568 21
0.060541 21
0.060541 22
0.060567 22
0.060567 23
0.060568 23
0.060568 24
0.060588 24
0.060588 25
0.070706 25
0.070706 26
0.070787 26
0.070787 27
0.070792 27
0.070792 28
0.071322 28
0.071322 29
0.080707 29
0.080707 30
0.081025 30
0.081025 31
0.081096 31
0.081096 32
0.081902 32
0.081902 33
0.110816 33
0.110816 34
0.131061 34
0.131061 35
0.202116 35
0.202116 36
0.211486 36
0.211486 37
0.252255 37
0.252255 38
0.262276 38
0.262276 39
0.272125 39
0.272125 40
0.281747 40
0.281747 41
0.323598 41
0.323598 42
0.343550 42
0.343550 43
0.362948 43
0.362948 44
0.393785 44
0.393785 45
0.403753 45
0.403753 46
0.454081 46
0.454081 47
0.736279 47
0.736279 48
0.796026 48
0.796026 49
0.848136 49
0.848136 50
0.868972 50
0.868972 51
0.897066 51
0.897066 52
1.099343 52
1.099343 53
1.120069 53
1.120069 54
1.292634 54
1.292634 55
1.421864 55
1.421864 56
1.500245 56
1.500245 57
1.688009 57
1.688009 58
2.032586 58
2.032586 59
2.665309 59
2.665309 60
7.614933 60
7.614933 61
7.907402 61
7.907402 62
10.026498 62
10.026498 63
10.475372 63
10.475372 64
11.143730 64
11.143730 65
11.702584 65
11.702584 66
13.672284 66
13.672284 67
14.986850 67
14.986850 68
18.201094 68
18.201094 69
18.949020 69
18.949020 70
21.424807 70
21.424807 71
23.584551 71
23.584551 72
28.196835 72
28.196835 73
28.593014 73
28.593014 74
31.890812 74
31.890812 75
32.234566 75
32.234566 76
37.658829 76
37.658829 77
39.177242 77
39.177242 78
39.869816 78
39.869816 79
41.004826 79
41.004826 80
42.128540 80
42.128540 81
50.541431 81
50.541431 82
52.338562 82
52.338562 83
55.792366 83
55.792366 84
57.789574 84
57.789574 85
