0 0
0.050375 0
0.050375 1
0.050397 1
0.050397 2
0.050489 2
0.050489 3
0.050498 3
0.050498 4
0.050505 4
0.050505 5
0.050532 5
0.050532 6
0.050580 6
0.050580 7
0.050597 7
0.050597 8
0.050740 8
0.050740 9
0.060614 9
0.060614 10
0.060690 10
0.060690 11
0.060721 11
0.060721 12
0.070707 12
0.070707 13
0.070944 13
0.070944 14
0.080593 14
0.080593 15
0.080786 15
0.080786 16
0.080787 16
0.080787 17
0.080857 17
0.080857 18
0.090645 18
0.090645 19
0.090737 19
0.090737 20
0.090822 20
0.090822 21
0.090994 21
0.090994 22
0.091028 22
0.091028 23
0.100921 23
0.100921 24
0.110802 24
0.110802 25
0.110955 25
0.110955 26
0.111042 26
0.111042 27
0.131077 27
0.131077 28
0.131158 28
0.131158 29
0.131228 29
0.131228 30
0.141020 30
0.141020 31
0.151131 31
0.151131 32
0.151733 32
0.151733 33
0.191751 33
0.191751 34
0.211646 34
0.211646 35
0.322860 35
0.322860 36
0.332715 36
0.332715 37
0.343096 37
0.343096 38
0.353277 38
0.353277 39
0.363956 39
0.363956 40
0.383644 40
0.383644 41
0.383789 41
0.383789 42
0.403387 42
0.403387 43
0.504557 43
0.504557 44
0.565236 44
0.565236 45
0.635700 45
0.635700 46
0.786385 46
0.786385 47
1.018250 47
1.018250 48
1.038689 48
1.038689 49
1.099485 49
1.099485 50
1.139195 50
1.139195 51
1.140192 51
1.140192 52
1.567321 52
1.567321 53
1.647433 53
1.647433 54
1.753763 54
1.753763 55
1.756717 55
1.756717 56
1.830080 56
1.830080 57
2.133983 57
2.133983 58
2.522151 58
2.522151 59
3.109917 59
3.109917 60
7.835880 60
7.835880 61
8.690167 61
8.690167 62
9.679002 62
9.679002 63
10.996315 63
10.996315 64
14.319427 64
14.319427 65
18.563049 65
18.563049 66
18.936974 66
18.936974 67
20.876087 67
20.876087 68
24.758093 68
24.758093 69
25.163055 69
25.163055 70
28.100088 70
28.100088 71
28.300301 71
28.300301 72
41.977283 72
41.977283 73
43.981606 73
43.981606 74
44.815170 74
44.815170 75
47.799793 75
47.799793 76
52.877121 76
52.877121 77
56.473396 77
56.473396 78
57.159576 78
57.159576 79
58.151310 79
58.151310 80
58.553104 80
58.553104 81
