0 0
0.0707693 0
0.0707693 1
0.070783 1
0.070783 2
0.141426 2
0.141426 3
0.151193 3
0.151193 4
0.272294 4
0.272294 5
0.312499 5
0.312499 6
0.393399 6
0.393399 7
0.454504 7
0.454504 8
0.594663 8
0.594663 9
2.15756 9
2.15756 10
3.07629 10
3.07629 11
3.31819 11
3.31819 12
3.38765 12
3.38765 13
3.42013 13
3.42013 14
3.48349 14
3.48349 15
3.77845 15
3.77845 16
3.7813 16
3.7813 17
3.88303 17
3.88303 18
3.93152 18
3.93152 19
4.02544 19
4.02544 20
4.23691 20
4.23691 21
4.76142 21
4.76142 22
4.79942 22
4.79942 23
4.96395 23
4.96395 24
5.36839 24
5.36839 25
5.38413 25
5.38413 26
5.43987 26
5.43987 27
5.45833 27
5.45833 28
5.51996 28
5.51996 29
5.5279 29
5.5279 30
6.47477 30
6.47477 31
6.678 31
6.678 32
6.83682 32
6.83682 33
7.36179 33
7.36179 34
7.56512 34
7.56512 35
7.8574 35
7.8574 36
8.45554 36
8.45554 37
8.72288 37
8.72288 38
9.07744 38
9.07744 39
9.09606 39
9.09606 40
9.11732 40
9.11732 41
9.25332 41
9.25332 42
9.46125 42
9.46125 43
9.96438 43
9.96438 44
10.3562 44
10.3562 45
11.0833 45
11.0833 46
11.1443 46
11.1443 47
14.6101 47
14.6101 48
15.3059 48
15.3059 49
16.409 49
16.409 50
17.2109 50
17.2109 51
18.3855 51
18.3855 52
19.9396 52
19.9396 53
20.6946 53
20.6946 54
20.7088 54
20.7088 55
21.0166 55
21.0166 56
21.426 56
21.426 57
22.2761 57
22.2761 58
28.0788 58
28.0788 59
31.7006 59
31.7006 60
39.2377 60
39.2377 61
42.5665 61
42.5665 62
42.7723 62
42.7723 63
43.1434 63
43.1434 64
44.9643 64
44.9643 65
46.4395 65
46.4395 66
46.5075 66
46.5075 67
47.6642 67
47.6642 68
48.5888 68
48.5888 69
52.3773 69
52.3773 70
