0 0
0.050355 0
0.050355 1
0.050437 1
0.050437 2
0.050443 2
0.050443 3
0.050454 3
0.050454 4
0.050454 4
0.050454 5
0.050480 5
0.050480 6
0.050518 6
0.050518 7
0.050572 7
0.050572 8
0.050655 8
0.050655 9
0.060558 9
0.060558 10
0.060584 10
0.060584 11
0.060717 11
0.060717 12
0.070571 12
0.070571 13
0.070687 13
0.070687 14
0.080645 14
0.080645 15
0.080699 15
0.080699 16
0.080803 16
0.080803 17
0.081029 17
0.081029 18
0.090740 18
0.090740 19
0.090887 19
0.090887 20
0.090973 20
0.090973 21
0.091244 21
0.091244 22
0.100756 22
0.100756 23
0.100814 23
0.100814 24
0.110841 24
0.110841 25
0.110869 25
0.110869 26
0.111029 26
0.111029 27
0.131201 27
0.131201 28
0.131299 28
0.131299 29
0.131443 29
0.131443 30
0.140951 30
0.140951 31
0.151547 31
0.151547 32
0.151605 32
0.151605 33
0.181471 33
0.181471 34
0.222314 34
0.222314 35
0.323133 35
0.323133 36
0.342606 36
0.342606 37
0.342994 37
0.342994 38
0.353586 38
0.353586 39
0.373822 39
0.373822 40
0.403963 40
0.403963 41
0.504208 41
0.504208 42
0.564715 42
0.564715 43
0.655149 43
0.655149 44
1.008980 44
1.008980 45
1.039144 45
1.039144 46
1.149772 46
1.149772 47
1.355197 47
1.355197 48
1.516742 48
1.516742 49
1.523464 49
1.523464 50
1.583161 50
1.583161 51
1.654750 51
1.654750 52
1.669259 52
1.669259 53
1.734031 53
1.734031 54
2.541301 54
2.541301 55
2.551996 55
2.551996 56
2.633583 56
2.633583 57
2.937694 57
2.937694 58
4.337776 58
4.337776 59
7.421743 59
7.421743 60
9.328314 60
9.328314 61
10.632960 61
10.632960 62
19.790396 62
19.790396 63
21.245024 63
21.245024 64
28.873623 64
28.873623 65
31.757782 65
31.757782 66
40.183552 66
40.183552 67
46.039993 67
46.039993 68
47.529911 68
47.529911 69
48.909550 69
48.909550 70
49.980202 70
49.980202 71
51.770195 71
51.770195 72
54.577457 72
54.577457 73
54.631248 73
54.631248 74
55.704189 74
55.704189 75
