0.036 0 0.0153631
0.037 0 0.780069
0.037 0 0.796869
0.041 0 0.798321
0.041 0 1.03313
0.043 0 1.03319
0.043 0 1.11739
0.044 0 1.28125
0.048 0 1.28132
0.048 0 1.90923
0.049 0 2.43266
0.049 0 3.15747
0.051 0 3.16584
0.051 0 3.8219
0.055 0 4.5819
0.058 0 4.59042
0.058 0 4.61639
0.059 0 4.64235
0.064 0 4.66832
0.065 0 4.69428
0.065 0 4.72025
0.065 0 4.93994
0.065 0 5.08471
0.068 0 5.09338
0.069 0 5.31445
0.072 0 5.50336
0.072 0 5.72423
0.073 0 5.76947
0.074 0 6.1941
0.075 0 6.20294
0.078 0 6.35384
0.079 0 6.46167
0.079 0 6.67351
0.080 0 6.72351
0.084 0 6.74184
0.087 0 6.86738
0.092 0 6.88731
0.093 0 7.73389
0.094 0 7.78054
0.102 0 7.80228
0.103 0 7.89491
0.104 0 7.89689
0.105 0 7.95812
0.106 0 8.61141
0.108 0 9.48722
0.111 0 9.51103
0.112 0 9.75934
0.113 0 10.6091
0.116 0 10.9293
0.117 0 11.4388
0.119 0 11.465
0.120 0 11.5297
0.128 0 11.5586
0.132 0 11.7992
0.138 0 11.8314
0.141 0 11.8419
0.144 0 12.0827
0.145 0 12.1187
0.147 0 12.1299
0.148 0 12.173
0.152 0 12.2134
0.154 0 12.2243
0.159 0 12.9515
0.163 0 12.9627
0.164 0 13.4803
0.168 0 13.5213
0.168 0 13.5227
0.171 0 13.8117
0.174 0 14.0687
0.174 0 14.4944
0.176 0 14.5059
0.177 0 14.5201
0.180 0 14.5215
0.186 0 14.5456
0.187 0 14.547
0.193 0 14.5579
0.194 0 14.7187
0.196 0 14.7645
0.199 0 14.7771
0.199 0 15.1537
0.204 0 15.1772
0.207 0 15.2047
0.213 0 15.407
0.214 0 15.4199
0.216 0 15.8475
0.218 0 15.8565
0.220 0 15.9607
0.223 0 16.0024
0.224 0 16.0158
0.225 0 16.0682
0.226 0 16.1611
0.233 0 16.1749
0.233 0 16.2353
0.234 0 16.5266
0.241 0 16.545
0.247 0 16.969
0.249 0 16.9884
0.253 0 17.1557
0.257 0 17.1868
0.259 0 17.2014
0.261 0 17.2157
0.262 0 17.5593
0.263 0 17.602
0.267 0 18.2051
0.267 0 18.233
0.268 0 18.3489
0.273 0 18.4002
0.274 0 18.4061
0.275 0 18.4069
0.275 0 18.4169
0.277 0 18.4412
0.277 0 18.5472
0.278 0 18.6129
0.278 0 19.0447
0.281 0 19.0741
0.281 0 19.0792
0.285 0 19.0935
0.286 0 19.842
0.287 0 19.8488
0.288 0 20.0602
0.288 0 20.061
0.288 0 20.125
0.290 0 20.1265
0.290 0 20.1611
0.291 0 20.9011
0.291 0 20.902
0.291 0 20.9849
0.294 0 20.9862
0.294 0 20.9871
0.296 0 20.9941
0.296 0 21.0094
0.298 0 21.1547
0.299 0 21.3425
0.301 0 21.3894
0.301 0 21.3903
0.302 0 21.3911
0.304 0 21.4059
0.306 0 21.4068
0.306 0 21.4235
0.307 0 21.4303
0.307 0 21.4315
0.308 0 21.4418
0.309 0 21.4437
0.312 0 21.4445
0.313 0 21.481
0.313 0 21.5373
0.315 0 21.5507
0.316 0 21.5517
0.317 0 21.5696
0.317 0 21.5705
0.320 0 21.5717
0.324 0 21.586
0.325 0 21.587
0.326 0 21.5878
0.327 0 22.0395
0.328 0 22.0405
0.329 0 22.0419
0.330 0 22.8175
0.330 0 22.8288
0.331 0 22.8299
0.334 0 22.8309
0.335 0 22.9277
0.338 0 22.9287
0.339 0 22.9754
0.339 0 22.9763
0.340 0 22.9864
0.341 0 22.998
0.344 0 22.999
0.344 0 23.0001
0.347 0 23.3426
0.349 0 23.3436
0.350 0 23.6382
0.350 0 23.639
0.350 0 23.6395
0.350 0 23.6501
0.351 0 23.651
0.351 0 23.7315
0.353 0 23.7324
0.353 0 23.7364
0.357 0 23.7608
0.357 0 23.7774
0.357 0 23.7786
0.359 0 23.7795
0.360 0 23.7795
0.360 0 23.7804
0.360 0 23.8844
0.360 0 23.8955
0.362 0 23.8965
0.364 0 23.8974
0.365 0 23.9055
0.368 0 23.933
0.369 0 23.9543
0.369 0 23.9555
0.370 0 23.9612
0.370 0 23.9621
0.371 0 23.9738
0.373 0 23.9748
0.373 0 23.9756
0.374 0 23.9923
0.378 0 24.0254
0.378 0 24.0264
0.380 0 24.0274
0.381 0 24.0294
0.381 0 24.0352
0.381 0 24.0363
0.381 0 24.0485
0.384 0 24.0494
0.385 0 24.0494
0.388 0 24.0537
0.389 0 24.0547
0.389 0 24.132
0.391 0 24.133
0.392 0 24.3038
0.392 0 24.3167
0.394 0 24.3175
0.394 0 24.3185
0.397 0 24.857
0.399 0 24.9295
0.399 0 24.9305
0.401 0 24.9393
0.402 0 24.9403
0.403 0 25.6756
0.405 0 25.6764
0.406 0 25.6823
0.407 0 25.7334
0.408 0 25.7344
0.408 0 25.7356
0.409 0 25.7356
0.410 0 25.7366
0.412 0 25.7376
0.414 0 25.7525
0.415 0 25.7585
0.416 0 25.7593
0.416 0 25.7605
0.417 0 25.7616
0.421 0 25.7628
0.423 0 25.7688
0.425 0 25.7697
0.425 0 25.7707
0.426 0 25.7717
0.428 0 25.8127
0.429 0 25.8137
0.430 0 25.8214
0.432 0 25.8227
0.432 0 25.8239
0.434 0 25.8239
0.435 0 25.8249
0.435 0 25.9112
0.435 0 25.9358
0.436 0 25.9369
0.436 0 25.9377
0.439 0 25.9711
0.439 0 25.979
0.441 0 25.98
0.442 0 25.9812
0.443 0 26.0138
0.444 0 26.0413
0.444 0 26.0479
0.445 0 26.0488
0.445 0 26.0498
0.445 0 26.051
0.446 0 26.0672
0.447 0 26.0683
0.448 0 26.0889
0.449 0 26.716
0.450 0 26.7242
0.450 0 26.769
0.452 0 26.77
0.453 0 26.7713
0.455 0 26.7721
0.456 0 26.7922
0.456 0 26.7932
0.457 0 26.7944
0.457 0 26.8083
0.458 0 26.8261
0.459 0 26.8261
0.460 0 26.8344
0.461 0 26.8509
0.462 0 26.852
0.463 0 26.8532
0.464 0 26.8541
0.466 0 26.8551
0.466 0 26.8709
0.466 0 26.9092
0.466 0 26.9282
0.466 0 26.9429
0.468 0 26.9439
0.468 0 26.9451
0.468 0 27.2497
0.469 0 27.9243
0.471 0 27.9329
0.473 0 27.9339
0.473 0 27.9493
0.474 0 27.9698
0.475 0 27.9707
0.477 0 28.0041
0.479 0 28.0054
0.480 0 28.0064
0.481 0 28.0077
0.481 0 28.0157
0.483 0 28.0157
0.483 0 28.0166
0.484 0 28.0177
0.486 0 28.0235
0.488 0 28.0294
0.489 0 28.0307
0.491 0 28.0384
0.491 0 28.0394
0.491 0 28.0477
0.492 0 28.049
0.493 0 28.0502
0.494 0 28.0511
0.496 0 28.0522
0.497 0 28.0674
0.502 0 28.0759
0.503 0 28.0768
0.503 0 28.0779
0.506 0 28.0854
0.506 0 28.0867
0.508 0 28.0877
0.513 0 28.0879
0.513 0 28.0888
0.516 0 28.0947
0.516 0 28.0958
0.519 0 28.0968
0.520 0 28.0981
0.522 0 28.1091
0.525 0 28.11
0.527 0 28.1111
0.528 0 28.1122
0.529 0 28.1432
0.532 0 28.1445
0.537 0 28.1454
0.537 0 28.1465
0.537 0 28.1578
0.545 0 28.22
0.545 0 28.2226
0.545 0 28.4689
0.546 0 28.4702
0.546 0 28.6185
0.547 0 28.6196
0.548 0 28.6205
0.548 0 28.6216
0.550 0 28.6489
0.556 0 28.65
0.557 0 28.6526
0.558 0 28.6537
0.559 0 28.6546
0.559 0 28.6559
0.563 0 28.657
0.566 0 28.6623
0.567 0 28.6682
0.567 0 28.6692
0.568 0 28.6718
0.569 0 28.6729
0.572 0 28.6742
0.574 0 28.6903
0.576 0 28.6914
0.577 0 28.6924
0.578 0 28.6951
0.580 0 28.6962
0.582 0 28.6975
0.583 0 28.7505
0.587 0 28.756
0.587 0 28.7569
0.588 0 28.758
0.591 0 28.7607
0.595 0 28.7621
0.596 0 28.7632
0.597 0 28.7642
0.598 0 28.7652
0.598 0 28.7663
0.605 0 28.7691
0.606 0 28.7701
0.608 0 28.7714
0.609 0 28.785
0.609 0 28.7862
0.611 0 28.7872
0.612 0 28.7883
0.617 0 28.7893
0.618 0 28.7907
0.618 0 28.7935
0.621 0 28.7956
0.622 0 28.7968
0.623 0 28.8021
0.624 0 28.8032
0.627 0 28.8042
0.628 0 28.8182
0.630 0 28.8211
0.631 0 28.8225
0.632 0 28.8252
0.633 0 28.8263
0.638 0 28.8273
0.641 0 28.8287
0.641 0 28.8316
0.643 0 28.8371
0.644 0 28.8382
0.644 0 28.8393
0.648 0 28.9558
0.649 0 28.9568
0.650 0 28.9628
0.652 0 29.5409
0.652 0 29.5423
0.653 0 29.5931
0.653 0 29.596
0.654 0 29.5972
0.655 0 29.6137
0.657 0 29.6149
0.659 0 29.6159
0.662 0 29.6173
0.664 0 29.6775
0.664 0 29.6787
0.666 0 29.6817
0.670 0 29.6827
0.673 0 29.6839
0.675 0 30.2056
0.675 0 30.2071
0.677 0 30.2094
0.677 0 30.2125
0.680 0 30.2135
0.681 0 30.222
0.688 0 30.2234
0.690 0 30.2258
0.691 0 30.2268
0.694 0 30.2362
0.698 0 31.2242
0.700 0 31.2831
0.700 0 31.2845
0.701 0 31.2855
0.702 0 31.2879
0.709 0 31.2925
0.709 0 31.363
0.715 0 31.3654
0.717 0 31.3669
0.719 0 31.3715
0.719 0 31.5029
0.720 0 31.6175
0.722 0 31.7448
0.728 0 31.7472
0.730 0 31.7554
0.730 0 31.9489
0.730 0 31.9504
0.733 0 31.9551
0.737 0 31.9576
0.739 0 32.5365
0.740 0 32.5389
0.740 0 33.1673
0.741 0 33.1688
0.743 0 33.2583
0.743 0 33.2759
0.744 0 33.276
0.744 0 33.2771
0.748 0 33.2777
0.748 0 33.2802
0.753 0 33.2812
0.753 0 33.2828
0.757 0 33.2849
0.758 0 33.2862
0.759 0 33.2921
0.760 0 33.2927
0.766 0 33.2949
0.767 0 33.2964
0.768 0 33.3367
0.770 0 33.3373
0.772 0 33.3386
0.773 0 33.3386
0.777 0 33.3408
0.777 0 33.342
0.780 0 33.3436
0.783 0 34.261
0.785 0 34.2633
0.785 0 34.2646
0.790 0 34.2658
0.792 0 34.2673
0.795 0 34.2696
0.795 0 34.3337
0.797 0 34.335
0.801 0 34.3362
0.804 0 34.3385
0.806 0 34.34
0.809 0 34.3414
0.810 0 34.3429
0.811 0 34.3489
0.813 0 34.3501
0.814 0 34.3513
0.815 0 34.407
0.820 0 34.4085
0.822 0 34.4097
0.823 0 34.4113
0.824 0 34.4127
0.826 0 34.4139
0.830 0 34.4542
0.830 0 34.4558
0.832 0 34.4569
0.835 0 34.4585
0.835 0 34.4746
0.836 0 34.4749
0.836 0 34.4759
0.838 0 34.4786
0.840 0 34.4798
0.841 0 34.481
0.846 0 34.9181
0.846 0 34.9278
0.846 0 35.2095
0.848 0 35.2106
0.848 0 35.2122
0.850 0 35.2133
0.850 0 35.2161
0.852 0 35.2173
0.856 0 35.2344
0.858 0 35.2355
0.859 0 35.2367
0.861 0 35.2383
0.863 0 35.2411
0.865 0 35.2423
0.868 0 35.2434
0.868 0 35.5452
0.869 0 35.5464
0.871 0 35.5481
0.872 0 35.5603
0.876 0 35.5631
0.878 0 35.5643
0.878 0 35.5656
0.879 0 35.5666
0.879 0 35.5677
0.882 0 35.5694
0.883 0 35.5884
0.887 0 35.5896
0.888 0 35.5909
0.892 0 35.5938
0.893 0 35.5949
0.894 0 35.5965
0.896 0 35.5977
0.900 0 35.6005
0.901 0 35.6017
0.903 0 35.7024
0.904 0 35.7041
0.905 0 35.7052
0.906 0 35.7064
0.907 0 35.7093
0.913 0 35.7099
0.914 0 35.7111
0.914 0 35.7124
0.915 0 35.7146
0.917 0 35.7163
0.919 0 35.7174
0.921 0 35.718
0.922 0 36.0538
0.923 0 36.0568
0.924 0 36.058
0.924 0 36.0593
0.927 0 36.061
0.929 0 36.0616
0.932 0 36.0676
0.932 0 36.0687
0.933 0 36.07
0.933 0 36.073
0.934 0 36.079
0.935 0 36.1396
0.937 0 36.1402
0.937 0 36.1415
0.937 0 36.18
0.940 0 36.1817
0.941 0 36.1944
0.941 0 36.3185
0.943 0 36.3198
0.943 0 36.3209
0.944 0 36.3225
0.946 0 36.3256
0.950 0 36.3269
0.951 0 36.3281
0.952 0 36.3294
0.953 0 36.3305
0.953 0 36.3322
0.956 0 36.3339
0.959 0 36.337
0.961 0 36.3382
0.961 0 36.3843
0.962 0 36.3856
0.964 0 36.3867
0.965 0 36.3885
0.965 0 36.4897
0.966 0 36.4913
0.968 0 36.6984
0.970 0 36.6997
0.973 0 36.7029
0.975 0 36.7042
0.976 0 36.7054
0.976 0 36.7071
0.977 0 36.7291
0.978 0 36.7493
0.979 0 36.8871
0.980 0 36.8884
0.980 0 36.8901
0.984 0 36.9353
0.986 0 36.9386
0.988 0 36.9399
0.989 0 36.9412
0.989 0 36.9423
0.989 0 36.9441
0.990 0 36.9677
0.992 0 36.9694
0.993 0 36.9786
0.995 0 36.9788
0.998 0 36.9801
0.998 0 36.9834
1.000 0 36.9846
1.001 0 36.9864
1.001 0 36.9917
1.002 0 36.992
1.004 0 36.9937
1.004 0 36.997
1.007 0 36.9982
1.008 0 37.0785
1.009 0 37.0791
1.009 0 37.0825
1.009 0 37.1008
1.010 0 37.102
1.010 0 37.1555
1.013 0 37.1582
1.014 0 37.1601
1.017 0 37.1607
1.017 0 37.1619
1.017 0 37.1636
1.020 0 37.1671
1.020 0 37.1971
1.021 0 37.1983
1.024 0 37.2134
1.025 0 37.2162
1.026 0 37.2179
1.027 0 37.2192
1.028 0 37.221
1.029 0 37.2317
1.029 0 37.2513
1.030 0 37.2679
1.031 0 37.2691
1.032 0 37.2726
1.036 0 37.2739
1.036 0 37.2768
1.037 0 37.2785
1.037 0 37.2902
1.040 0 37.292
1.042 0 37.2932
1.043 0 37.3016
1.044 0 37.4652
1.044 0 37.5099
1.044 0 37.5128
1.045 0 37.5141
1.046 0 37.5147
1.046 0 37.5239
1.046 0 37.5299
1.050 0 37.5972
1.050 0 37.599
1.053 0 37.5996
1.053 0 37.6008
1.053 0 37.6026
1.053 0 37.6088
1.053 0 37.609
1.055 0 37.6103
1.057 0 37.6133
1.059 0 37.6139
1.062 0 37.6156
1.062 0 37.6219
1.063 0 37.6231
1.064 0 37.625
1.065 0 37.6263
1.066 0 37.6269
1.066 0 37.6299
1.069 0 37.6363
1.074 0 37.6628
1.074 0 37.6641
1.074 0 37.666
1.075 0 37.6666
1.075 0 37.6684
1.076 0 37.7087
1.076 0 37.7101
1.076 0 37.7131
1.078 0 37.7133
1.081 0 37.8243
1.082 0 37.8249
1.083 0 37.8375
1.084 0 37.8387
1.085 0 37.8418
1.085 0 37.8438
1.086 0 37.8451
1.088 0 37.8469
1.088 0 37.8808
1.092 0 37.9526
1.095 0 37.9538
1.096 0 37.957
1.097 0 37.9583
1.098 0 37.9767
1.098 0 37.9787
1.100 0 37.9805
1.102 0 37.9806
1.103 0 38.1187
1.104 0 38.1199
1.107 0 38.1213
1.107 0 38.1245
1.109 0 38.127
1.110 0 38.1289
1.113 0 38.1308
1.115 0 38.1325
1.117 0 38.1338
1.117 0 38.1371
1.118 0 38.1384
1.122 0 38.1385
1.123 0 38.1405
1.126 0 38.1439
1.126 0 38.1457
1.127 0 38.147
1.128 0 38.1484
1.131 0 38.1502
1.135 0 38.1715
1.135 0 38.1749
1.135 0 38.1768
1.136 0 38.1788
1.137 0 38.1801
1.138 0 38.1814
1.142 0 38.1815
1.144 0 38.1833
1.145 0 38.1868
1.146 0 38.1887
1.147 0 38.2007
1.147 0 38.2021
1.148 0 38.2034
1.152 0 38.2075
1.155 0 38.2111
1.157 0 38.2124
1.157 0 38.2143
1.157 0 38.2162
1.158 0 38.2175
1.163 0 38.2176
1.164 0 38.2529
1.164 0 38.5798
1.166 0 38.5834
1.167 0 38.5853
1.168 0 38.5867
1.169 0 38.588
1.171 0 38.5899
1.171 0 38.5911
1.172 0 38.6103
1.174 0 38.6167
1.176 0 38.6181
1.178 0 38.62
1.181 0 38.6219
1.183 0 38.6283
1.183 0 38.6284
1.185 0 38.6311
1.186 0 38.6572
1.186 0 38.6586
1.187 0 38.6605
1.191 0 38.6609
1.192 0 38.6675
1.195 0 38.6689
1.195 0 38.7011
1.197 0 38.7029
1.197 0 38.7049
1.201 0 38.7117
1.204 0 38.7131
1.204 0 38.7134
1.206 0 38.7154
1.207 0 38.8281
1.208 0 38.8621
1.210 0 38.864
1.211 0 38.8709
1.214 0 38.8724
1.215 0 38.8744
1.217 0 38.8937
1.219 0 38.9081
1.220 0 38.91
1.223 0 38.9114
1.223 0 39.1816
1.224 0 39.1837
1.227 0 39.487
1.229 0 39.4888
1.229 0 39.4891
1.231 0 39.4911
1.232 0 39.4925
1.234 0 39.4946
1.235 0 40.482
1.238 0 40.4841
1.241 0 40.4855
1.241 0 40.4875
1.242 0 40.4915
1.242 0 40.4935
1.244 0 40.4954
1.245 0 41.0126
1.251 0 41.0141
1.252 0 41.0162
1.252 0 41.0183
1.253 0 41.0328
1.254 0 41.0428
1.254 0 41.0446
1.254 0 41.0466
1.254 0 41.0469
1.256 0 41.1172
1.256 0 41.1632
1.257 0 41.17
1.260 0 41.1715
1.261 0 41.1736
1.264 0 41.1757
1.264 0 41.2354
1.265 0 41.2373
1.268 0 41.2393
1.269 0 41.2408
1.271 0 41.2429
1.272 0 41.2443
1.275 0 41.2462
1.276 0 41.2477
1.277 0 41.2498
1.278 0 41.2501
1.280 0 41.2523
1.281 0 41.2543
1.284 0 41.3142
1.286 0 41.3162
1.287 0 41.3177
1.288 0 41.3191
1.288 0 41.3212
1.289 0 41.3314
1.290 0 41.3334
1.291 0 41.3356
1.295 0 41.3371
1.295 0 41.3529
1.297 0 41.3548
1.298 0 41.3563
1.298 0 41.3565
1.299 0 41.3605
1.299 0 41.3628
1.300 0 41.3648
1.300 0 41.3691
1.304 0 41.3707
1.304 0 41.3876
1.306 0 41.388
1.306 0 41.3895
1.306 0 41.3914
1.307 0 41.3914
1.308 0 41.3991
1.309 0 41.4013
1.312 0 41.4028
1.312 0 41.4049
1.313 0 41.4093
1.313 0 41.4303
1.315 0 41.4755
1.315 0 41.4868
1.316 0 41.4888
1.317 0 41.4954
1.317 0 41.4968
1.318 0 41.4991
1.318 0 41.4993
1.320 0 41.5116
1.321 0 41.5131
1.323 0 41.5152
1.323 0 41.527
1.326 0 41.5542
1.327 0 41.5562
1.327 0 41.5607
1.327 0 41.563
1.329 0 41.5753
1.329 0 41.5769
1.332 0 41.6944
1.333 0 41.6965
1.333 0 41.7088
1.336 0 41.7092
1.336 0 41.7113
1.336 0 41.7136
1.339 0 41.7151
1.339 0 41.7197
1.339 0 41.72
1.346 0 41.7221
1.346 0 41.7242
1.346 0 41.7266
1.350 0 41.7281
1.352 0 41.7328
1.355 0 41.7352
1.359 0 41.7373
1.359 0 41.7394
1.359 0 41.7397
1.360 0 41.7413
1.362 0 41.7518
1.365 0 41.7542
1.369 0 41.7562
1.370 0 41.7578
1.372 0 41.76
1.372 0 41.775
1.375 0 41.7775
1.377 0 41.7802
1.379 0 41.7818
1.380 0 41.7839
1.384 0 41.784
1.385 0 41.7862
1.387 0 41.7878
1.388 0 41.7988
1.390 0 41.8009
1.396 0 41.8025
1.400 0 41.8047
1.400 0 41.8069
1.406 0 41.8086
1.409 0 41.8088
1.410 0 41.811
1.415 0 41.8126
1.416 0 41.8149
1.417 0 41.8191
1.417 0 41.8822
1.417 0 41.8979
1.419 0 41.9001
1.423 0 41.9018
1.429 0 41.9041
1.430 0 41.9063
1.430 0 41.9105
1.432 0 41.9122
1.433 0 41.9182
1.434 0 41.9364
1.435 0 42.0302
1.440 0 42.0325
1.441 0 42.0348
1.442 0 42.0365
1.446 0 42.0533
1.449 0 42.055
1.451 0 42.0572
1.451 0 42.1142
1.452 0 42.1145
1.455 0 42.1168
1.458 0 42.1193
1.459 0 42.1209
1.461 0 42.1232
1.466 0 42.1256
1.468 0 42.1273
1.472 0 42.1296
1.476 0 42.132
1.477 0 42.1326
1.478 0 42.1343
1.483 0 42.1367
1.484 0 42.1461
1.485 0 42.1485
1.488 0 42.1502
1.491 0 42.1625
1.492 0 42.1649
1.494 0 42.1673
1.499 0 42.1691
1.502 0 42.1715
1.505 0 42.1739
1.508 0 42.1794
1.509 0 42.1812
1.510 0 42.1836
1.513 0 42.1861
1.515 0 42.3106
1.520 0 42.3123
1.520 0 42.3148
1.522 0 42.8602
1.525 0 42.8789
1.525 0 42.8813
1.526 0 42.8838
1.527 0 42.9049
1.529 0 42.9074
1.531 0 42.9092
1.532 0 42.9637
1.535 0 42.9663
1.535 0 42.979
1.536 0 42.9848
1.539 0 42.9872
1.539 0 42.9897
1.541 0 42.9968
1.541 0 42.9986
1.541 0 43.0088
1.545 0 43.0221
1.546 0 43.0247
1.548 0 43.0251
1.548 0 43.0276
1.549 0 43.0294
1.550 0 43.0582
1.550 0 43.1415
1.551 0 43.1554
1.553 0 43.1659
1.556 0 43.1668
1.556 0 43.1693
1.557 0 43.1718
1.559 0 43.1736
1.559 0 43.1762
1.559 0 43.1907
1.561 0 43.1908
1.562 0 43.1917
1.566 0 43.1943
1.567 0 43.2094
1.568 0 43.2121
1.569 0 43.2146
1.570 0 43.2155
1.570 0 43.2173
1.570 0 43.218
1.571 0 43.2191
1.575 0 43.235
1.576 0 43.2376
1.577 0 43.238
1.578 0 43.2398
1.578 0 43.2425
1.578 0 43.2492
1.579 0 43.2536
1.579 0 43.2561
1.581 0 43.2575
1.583 0 43.2742
1.585 0 43.2768
1.588 0 43.2773
1.588 0 43.2791
1.590 0 43.2818
1.590 0 43.2992
1.590 0 43.9531
1.592 0 43.9556
1.594 0 43.9571
1.594 0 43.9598
1.595 0 43.9604
1.596 0 43.9609
1.597 0 43.9627
1.598 0 43.981
1.603 0 43.9837
1.603 0 43.9865
1.604 0 43.9869
1.605 0 43.9884
1.605 0 43.991
1.605 0 44.0102
1.608 0 44.012
1.613 0 44.0148
1.613 0 44.035
1.614 0 44.0376
1.615 0 44.0485
1.616 0 44.0513
1.618 0 44.0532
1.618 0 44.0547
1.622 0 44.0574
1.624 0 44.0601
1.628 0 44.0629
1.629 0 44.1924
1.629 0 44.1943
1.631 0 44.1971
1.633 0 44.2311
1.634 0 44.2338
1.638 0 44.2377
1.639 0 44.2395
1.639 0 44.2424
1.641 0 44.2439
1.643 0 44.2467
1.644 0 44.2494
1.649 0 44.2523
1.650 0 44.2542
1.653 0 44.2622
1.653 0 44.2651
1.654 0 44.2666
1.656 0 44.2715
1.657 0 44.2743
1.660 0 44.2762
1.660 0 44.2791
1.661 0 44.2792
1.663 0 44.2821
1.664 0 44.2836
1.667 0 44.2864
1.671 0 44.2883
1.671 0 44.2913
1.673 0 44.2942
1.677 0 44.2958
1.678 0 44.2985
1.679 0 44.3005
1.681 0 44.3035
1.683 0 44.3065
1.684 0 44.3141
1.686 0 44.3191
1.689 0 44.4184
1.689 0 44.4204
1.690 0 44.4219
1.690 0 44.4248
1.691 0 44.4261
1.692 0 44.4292
1.699 0 44.4311
1.699 0 44.4342
1.702 0 44.4372
1.703 0 44.4388
1.703 0 44.4417
1.709 0 44.4447
1.710 0 44.4467
1.714 0 44.4496
1.719 0 44.4527
1.721 0 44.4547
1.730 0 44.4578
1.731 0 44.4598
1.733 0 44.4614
1.742 0 44.4634
1.743 0 44.4663
1.746 0 44.468
1.747 0 44.469
1.749 0 44.471
1.754 0 44.4894
1.754 0 44.4966
1.756 0 44.4996
1.756 0 44.5074
1.758 0 44.5094
1.758 0 44.511
1.761 0 44.6295
1.762 0 44.6303
1.763 0 44.6377
1.765 0 44.6397
1.767 0 44.6427
1.769 0 44.6444
1.771 0 44.6519
1.776 0 44.654
1.780 0 44.6556
1.781 0 44.656
1.781 0 44.6619
1.782 0 44.7019
1.786 0 44.7039
1.790 0 44.7056
1.794 0 44.7492
1.797 0 44.7513
1.801 0 44.7529
1.802 0 44.756
1.804 0 44.7581
1.809 0 44.7944
1.811 0 44.7961
1.813 0 44.7982
1.818 0 44.8203
1.822 0 44.8225
1.822 0 44.8242
1.827 0 44.8469
1.827 0 44.9661
1.832 0 44.9683
1.832 0 44.97
1.840 0 44.9775
1.845 0 44.9792
1.853 0 45.0111
1.855 0 45.0128
1.856 0 45.06
1.857 0 45.0695
1.858 0 45.0826
1.859 0 45.0939
1.864 0 45.1346
1.865 0 45.1363
1.868 0 45.148
1.874 0 45.1498
1.876 0 45.1516
1.876 0 45.1637
1.883 0 45.1763
1.884 0 45.1781
1.891 0 45.1912
1.893 0 45.1991
1.894 0 45.201
1.899 0 45.2015
1.899 0 45.2151
1.901 0 45.2255
1.901 0 45.3105
1.903 0 45.3124
1.906 0 45.3265
1.911 0 45.3336
1.913 0 45.3354
1.915 0 45.3501
1.916 0 45.3686
1.923 0 45.3705
1.924 0 45.3747
1.924 0 45.39
1.925 0 45.3931
1.929 0 45.4534
1.932 0 45.4553
1.932 0 45.4713
1.938 0 45.4744
1.939 0 45.5142
1.941 0 45.5161
1.941 0 45.5328
1.941 0 46.0693
1.945 0 46.162
1.950 0 46.1652
1.951 0 46.1671
1.951 0 46.2027
1.959 0 46.2047
1.961 0 46.2079
1.969 0 46.2111
1.970 0 46.2131
1.979 0 46.2151
1.979 0 46.2184
1.989 0 46.2217
1.991 0 46.2237
1.993 0 46.2401
1.998 0 46.2405
1.999 0 46.2439
2.003 0 46.2459
2.010 0 46.2493
2.013 0 46.2502
2.016 0 46.2523
2.017 0 46.2663
2.020 0 46.2698
2.020 0 46.3213
2.022 0 46.3218
2.026 0 46.3239
2.028 0 46.382
2.029 0 46.3825
2.031 0 46.386
2.035 0 46.4086
2.037 0 46.4107
2.037 0 46.4129
2.040 0 46.4133
2.041 0 46.4168
2.047 0 46.419
2.050 0 46.4211
2.058 0 46.4233
2.065 0 46.442
2.066 0 46.4506
2.069 0 46.4528
2.079 0 46.455
2.087 0 46.4669
2.090 0 46.4691
2.097 0 46.474
2.100 0 46.4763
2.101 0 46.4987
2.108 0 46.5201
2.110 0 46.6058
2.111 0 46.6081
2.115 0 46.6164
2.117 0 46.6389
2.121 0 46.6412
2.124 0 46.6512
2.125 0 46.675
2.127 0 46.6834
2.132 0 46.6857
2.134 0 46.711
2.137 0 46.7131
2.137 0 46.7217
2.141 0 46.7241
2.144 0 46.7328
2.144 0 46.7596
2.153 0 46.7685
2.162 0 46.7777
2.162 0 46.7884
2.171 0 46.7977
2.172 0 46.8087
2.173 0 46.8093
2.179 0 46.8189
2.180 0 46.8302
2.183 0 46.8328
2.186 0 46.8426
2.188 0 47.2593
2.192 0 47.2614
2.194 0 47.2706
2.196 0 47.7814
2.199 0 47.818
2.206 0 47.8817
2.209 0 47.8883
2.216 0 47.9403
2.222 0 47.9426
2.224 0 47.95
2.232 0 47.9751
2.242 0 47.9798
2.262 0 48.4872
2.283 0 48.488
2.305 0 48.4901
2.307 0 48.4926
2.316 0 48.5003
2.317 0 48.5017
2.320 0 48.5042
2.326 0 48.5122
2.331 0 48.6268
2.339 0 48.6293
2.339 0 48.6433
2.351 0 48.6459
2.354 0 48.6729
2.362 0 48.6755
2.370 0 48.6781
2.374 0 48.6805
2.380 0 48.6831
2.387 0 48.6856
2.391 0 48.687
2.393 0 48.6994
2.400 0 48.7018
2.406 0 48.7413
2.410 0 48.7438
2.421 0 48.7463
2.431 0 48.7488
2.441 0 48.7718
2.442 0 48.7744
2.453 0 48.777
2.462 0 48.7781
2.463 0 48.7807
2.474 0 48.7834
2.480 0 48.9272
2.484 0 48.9297
2.484 0 48.9324
2.493 0 49.4699
2.495 0 49.4726
2.505 0 49.4754
2.506 0 49.4779
2.510 0 49.4879
2.516 0 49.4943
2.516 0 49.4971
2.517 0 49.575
2.520 0 49.5852
2.527 0 49.5881
2.529 0 49.5986
2.538 0 49.6093
2.539 0 49.6122
2.551 0 49.6125
2.552 0 49.6154
2.562 0 49.6183
2.573 0 49.6213
2.580 0 49.6215
2.581 0 49.6219
2.584 0 49.6249
2.594 0 49.6279
2.605 0 49.631
2.610 0 49.6312
2.615 0 49.6343
2.615 0 50.301
2.620 0 50.3041
2.626 0 50.3072
2.629 0 50.3149
2.636 0 50.3225
2.636 0 50.3257
2.639 0 50.3278
2.640 0 50.328
2.649 0 50.3818
2.650 0 50.39
2.657 0 50.3984
2.664 0 50.4289
2.665 0 50.4377
2.668 0 50.5139
2.669 0 50.5142
2.673 0 50.5232
2.681 0 50.5326
2.683 0 50.5389
2.689 0 50.5486
2.699 0 50.5489
2.702 0 50.559
2.707 0 50.6138
2.710 0 50.6215
2.711 0 50.632
2.720 0 50.6428
2.721 0 50.6587
2.725 0 50.6589
2.728 0 50.6755
2.729 0 50.6758
2.729 0 50.6871
2.734 0 50.6934
2.737 0 50.7021
2.745 0 50.7022
2.748 0 50.7024
2.754 0 50.705
2.758 0 50.7053
2.761 0 50.7462
2.777 0 50.7464
2.778 0 50.7529
2.788 0 50.7531
2.788 0 50.7802
2.791 0 50.7835
2.797 0 50.7836
2.798 0 50.8128
2.805 0 50.8161
2.818 0 50.8163
2.829 0 50.8164
2.841 0 50.8518
2.846 0 50.852
2.853 0 50.8521
2.858 0 50.8724
2.873 0 50.8728
2.876 0 50.873
2.889 0 51.2292
2.892 0 51.2519
2.893 0 51.2523
2.906 0 51.2525
2.918 0 51.2529
2.935 0 51.2531
2.942 0 51.2535
2.958 0 51.2568
2.960 0 51.273
2.961 0 51.2801
2.964 0 51.2804
2.973 0 51.2974
2.989 0 51.3155
2.993 0 51.3157
2.994 0 51.32
2.994 0 51.3234
3.002 0 51.3361
3.006 0 51.3382
3.008 0 51.3421
3.022 0 51.3423
3.051 0 51.3426
3.069 0 51.3557
3.077 0 51.363
3.111 0 51.3891
3.132 0 51.3932
3.169 0 51.5041
3.454 0 51.5325
3.461 0 51.5628
3.588 0 51.6852
3.607 0 51.697
3.809 0 51.7092
3.822 0 51.722
3.831 0 51.7353
3.838 0 51.7491
3.846 0 51.7636
4.247 0 51.9401
4.533 0 51.9552
4.655 0 51.9711
4.662 0 51.9877
4.670 0 52.0051
4.676 0 52.0234
5.241 0 52.0292
5.461 0 52.0406
5.872 0 52.1355
5.976 0 52.1449
6.068 0 52.1509
6.170 0 52.1561
6.263 0 52.1603
6.345 0 52.1647
6.436 0 52.1695
6.527 0 52.1746
6.624 0 52.1801
7.025 0 52.2779
7.128 0 52.3833
7.610 0 52.4324
7.717 0 52.5181
7.804 0 52.5192
7.883 0 52.5202
7.961 0 52.5213
8.039 0 52.5224
8.128 0 52.5235
8.206 0 52.5246
8.283 0 52.5257
8.361 0 52.5268
8.439 0 52.5279
8.517 0 52.5291
