0 0
0.036402 0
0.036402 1
0.036563 1
0.036563 2
0.041464 2
0.041464 3
0.044711 3
0.044711 4
0.046963 4
0.046963 5
0.048045 5
0.048045 6
0.053086 6
0.053086 7
0.548347 7
0.548347 8
1.263001 8
1.263001 9
1.425859 9
1.425859 10
1.888662 10
1.888662 11
5.010462 11
5.010462 12
5.916475 12
5.916475 13
6.571922 13
6.571922 14
8.631802 14
8.631802 15
10.743867 15
10.743867 16
10.744353 16
10.744353 17
12.186467 17
12.186467 18
13.327707 18
13.327707 19
16.688034 19
16.688034 20
17.844049 20
17.844049 21
20.041626 21
20.041626 22
20.679337 22
20.679337 23
22.152393 23
22.152393 24
23.337894 24
23.337894 25
32.766907 25
32.766907 26
36.603092 26
36.603092 27
37.050262 27
37.050262 28
44.189846 28
44.189846 29
47.931629 29
47.931629 30
49.016254 30
49.016254 31
58.646847 31
58.646847 32
