0 0
0.037256 0
0.037256 1
0.042465 1
0.042465 2
0.083378 2
0.083378 3
0.083708 3
0.083708 4
0.093386 4
0.093386 5
0.093614 5
0.093614 6
0.109207 6
0.109207 7
0.820520 7
0.820520 8
1.424578 8
1.424578 9
3.715907 9
3.715907 10
4.969627 10
4.969627 11
6.709992 11
6.709992 12
7.076057 12
7.076057 13
8.360976 13
8.360976 14
11.973758 14
11.973758 15
13.566441 15
13.566441 16
16.104954 16
16.104954 17
28.414991 17
28.414991 18
29.164108 18
29.164108 19
32.429436 19
32.429436 20
37.346180 20
37.346180 21
40.461628 21
40.461628 22
44.958652 22
44.958652 23
49.893864 23
49.893864 24
54.407318 24
54.407318 25
